Feature	Gain	Cover	Frequency
rf_019_015	0.0527976798638868	0.000780859196987004	0.000147860459156013
ctrx_quarter_normalizado	0.0393988277048781	0.00462223339426573	0.000956985749537525
rf_001_025	0.0194876478652929	0.00280867807649814	0.000156074929109124
ctrx_quarter	0.0182810281214179	0.00278898616954999	0.00111141778465603
rf_011_015	0.0176506032022894	0.000256522174816518	0.00011828836732481
rf_016_017	0.0147555248021133	0.00185739881687421	0.000124038496291988
cpayroll_trx	0.00977570708432419	0.00262185967842663	0.000270256061457378
rf_009_018	0.0089442446064327	0.00626528103482544	0.000165932293052858
mprestamos_personales_rank	0.00875603449675007	0.0133332634698695	0.00336300399880397
rf_018_021	0.00816090445166927	0.00243140478667651	0.000134717307231034
ctrx_quarter_normalizado_lag1	0.00743681429759198	0.00101658030350612	0.000727802037845706
mpayroll_sobre_edad_rank	0.00684474386327919	0.00538546779564412	0.00225158621414795
rf_002_015	0.00628053928430678	0.0033110702661563	0.000267791720471445
mcuentas_saldo_rank	0.00594569118472206	0.00938623084607215	0.00263109472598171
ccomisiones_mantenimiento_tend6	0.00549277500347068	0.00446576513228155	0.00117713354428092
rf_008_021	0.00504086137951326	0.00120437273053875	0.000138003095212278
rf_012_013	0.00475295583515596	0.000133805139561999	0.000115002579343565
rf_013_015	0.00470083109019694	0.000854172688301767	0.000161825058076303
mpayroll_rank	0.00408322082039195	0.00446858953725982	0.0021530125747106
rf_015_015	0.00407345988475822	0.00259968116870672	0.000165932293052858
cprestamos_personales	0.00395395236161544	0.0060159427946046	0.000622656822445875
mpasivos_margen_rank	0.00381668155694984	0.0028049141878968	0.0016166076867724
foto_mes	0.00367774318153491	0.00953697907890161	0.00174639631203157
mcaja_ahorro_rank	0.00366876823673704	0.00337571290638493	0.00171518132620975
mprestamos_personales_rank_lag1	0.00354527267781821	0.00239958545260683	0.00267298852274258
mactivos_margen_rank	0.00340416367091353	0.00635307926269916	0.00230087303386662
ctrx_quarter_lag1	0.00321470268054939	0.000982930267866595	0.000952057067565658
cliente_edad	0.00314384272331621	0.00403375960102584	0.00355275825472086
mrentabilidad_annual_rank_lag1	0.00301408005467294	0.0032143544799821	0.00261877302105204
internet_tend6	0.00300086121157167	0.00423386455030934	0.00219819215945272
mcuenta_corriente_rank	0.00294927607331407	0.00353199037800502	0.00293256577326091
cliente_edad_lag1	0.00293542027745956	0.00687803838859262	0.00338025438570551
mcuenta_corriente_rank_tend6	0.00293032103621583	0.00513097574190508	0.00308699780837942
mprestamos_personales_rank_tend6	0.00286221595486885	0.0021644966609639	0.00306728308049195
mcuentas_saldo_rank_delta1	0.00280697511868904	0.00929050162988105	0.00302867507171232
mrentabilidad_annual_rank_delta1	0.00272007436705021	0.00522579863914819	0.00282659911086577
mrentabilidad_annual_rank	0.00268926567729323	0.0027698220210219	0.00252430661659126
numero_de_cliente	0.00265212429002186	0.0038651002863683	0.00364229597720977
mcuenta_corriente_rank_lag1	0.00248758326095797	0.00291788788457606	0.00266066681781291
mcuentas_saldo_rank_tend6	0.00247239873829641	0.00268070776246401	0.00274856164631121
mtarjeta_visa_consumo_rank	0.00246193270500602	0.00168222423995537	0.00112127514859976
cdescubierto_preacordado_delta1	0.00244565959690037	0.0134330379997972	0.000435366907514926
mcuenta_debitos_automaticos_rank	0.00240122939520761	0.00353094455456949	0.00273541849438623
mrentabilidad_annual_rank_tend6	0.00239974041375877	0.00287482259039939	0.00313135594612622
ctrx_quarter_tend6	0.00238746652133369	0.00187487939073014	0.00217272730259807
mtransferencias_recibidas_rank	0.00237654909796838	0.00273457030128259	0.00236248155851496
mactivos_margen_rank_tend6	0.00234685373482822	0.00260417079704518	0.00276006190424557
Master_fechaalta	0.00234558886672744	0.00266365142606924	0.00240519680227114
mttarjeta_visa_debitos_automaticos_rank_tend6	0.00227083624770899	0.00176180312229777	0.00281263451194548
mcaja_ahorro_rank_tend6	0.00226791426730606	0.00216980027641428	0.00279045544307208
mcomisiones_rank_tend6	0.00225637542625746	0.00189274324237915	0.00215054823372467
rf_017_020	0.00218426193287008	0.00121420049090182	0.000112538238357632
mplazo_fijo_dolares_rank	0.00217347053486925	0.00408377615932402	0.00278716965509084
chomebanking_transacciones	0.00215785196946371	0.00308701415095539	0.0019690084477609
rf_007_017	0.00211594159586895	0.00532814039681231	0.000238219628640242
cdescubierto_preacordado_tend6	0.0021035994070044	0.00797683262724592	0.000478082151271107
mcaja_ahorro_dolares_rank	0.00209657495561367	0.00388417336866803	0.00280852727696893
mcomisiones_mantenimiento_rank_tend6	0.00208432541275691	0.00194695416848702	0.002571129095324
mcomisiones_otras_rank	0.00206798016684274	0.00175001283581509	0.00152624851728817
Master_Fvencimiento	0.00205250980809064	0.0019612517964498	0.00273459704739092
mcuenta_corriente_rank_delta1	0.00202273409190309	0.00112717710259207	0.00247255545588665
mcuenta_debitos_automaticos_rank_tend6	0.00200989421238878	0.00181107423764771	0.00278141952612366
mprestamos_personales_rank_delta1	0.00200404834862499	0.0014186239238432	0.00244216191706014
cliente_antiguedad	0.00199696003121543	0.00359850390284866	0.00254730713245997
mactivos_margen_rank_lag1	0.00197738074997444	0.00242848968939943	0.00188932808921572
Master_fechaalta_lag1	0.00196016096357612	0.00285047902856055	0.00236494589950089
mcomisiones_mantenimiento_rank	0.00193051562897348	0.00352064368702889	0.00227622962400728
mplazo_fijo_dolares_rank_tend6	0.00191542073868935	0.000926002139507265	0.00281099161795486
cproductos_delta1	0.00191505513746402	0.0104733976877094	0.000676872324136413
mcaja_ahorro_dolares_rank_tend6	0.00190612669474789	0.00186307710973791	0.00305413992856697
mcuentas_saldo_rank_lag1	0.00189789268548122	0.00255211528717927	0.00190739992311256
cproductos_tend6	0.00189293842069287	0.00648193504191769	0.00107609556385765
matm_rank_tend6	0.00189172260079599	0.00166347411773523	0.00285370686171104
mpagomiscuentas_rank_tend6	0.00188748751969678	0.00228726690927037	0.0027033820615691
Visa_Fvencimiento_lag1	0.00187241800006221	0.00128398886201752	0.002410125484243
mprestamos_prendarios_rank_tend6	0.00187010447432771	0.00141711946142751	0.00284795673274386
rf_015_024	0.00186651876675875	0.0056725191037492	0.000130610072254478
Visa_mfinanciacion_limite_rank_tend6	0.00185918150618279	0.00180253078148432	0.0025201993816147
mrentabilidad_rank_tend6	0.00185717742142855	0.00281082126812006	0.00269434614462067
thomebanking_tend6	0.00185103161360793	0.00428535999999447	0.00198708028165775
mcheques_depositados_rechazados_rank_tend6	0.00184900771147633	0.000968690368874218	0.00269598903861129
Master_msaldopesos_rank_tend6	0.00184876032664327	0.000974465164326723	0.00252594951058188
mtarjeta_master_consumo_rank_tend6	0.0018381067841616	0.00136768539908337	0.00279620557203926
Master_mconsumospesos_rank_tend6	0.0018328985459465	0.00136002200050775	0.00273870428236748
vm_msaldodolares_rank_tend6	0.00183140748473301	0.00100277327111847	0.00269845337959723
Visa_fechaalta_lag1	0.00183048561692716	0.00137848767739237	0.00191315005207974
vm_Fvencimiento	0.00182988893615174	0.00126547661652149	0.00219572781846679
chomebanking_transacciones_tend6	0.00182838677134586	0.00368152854603321	0.002373160369454
ctarjeta_visa_transacciones_tend6	0.00182626644978785	0.00355771373989893	0.00149996221343822
vm_mpagado_rank_tend6	0.00181314297121381	0.00119725618955427	0.00280359859499706
mpayroll2_rank_tend6	0.00180756576233173	0.00123405445316601	0.00278799110208615
mpasivos_margen_rank_tend6	0.0018000036456222	0.00118467849372183	0.00229676579889006
Master_Fvencimiento_lag1	0.00179668156334471	0.00192291553181774	0.00249884175973661
mpayroll_sobre_edad_rank_tend6	0.00178883724955499	0.00157393334937504	0.00268448878067694
Master_madelantodolares_rank_tend6	0.00178180811357958	0.000914093000953966	0.00267298852274258
mcuenta_corriente_adicional_rank_lag1	0.00178066152145787	0.00122948681736978	0.00261877302105204
tcallcenter_tend6	0.00177212614213256	0.00446073077487402	0.00136935214118374
mpayroll_rank_tend6	0.00177041917588415	0.00155186209990957	0.00269598903861129
mtransferencias_recibidas_rank_tend6	0.00176909443258312	0.00112358248902354	0.00258837948222553
mautoservicio_rank_tend6	0.00176841645832443	0.00193434638570737	0.00287506448358913
mttarjeta_master_debitos_automaticos_rank_tend6	0.00176561469997395	0.00161384776930878	0.00274116862335341
mpagodeservicios_rank_tend6	0.00176328686267194	0.00200517629445063	0.00283234923983295
Visa_fechaalta	0.00175793979299394	0.00125358902206328	0.00186961336132825
chomebanking_transacciones_delta1	0.00174985294434532	0.00280908238063769	0.00189507821818289
rf_015_021	0.00174941427388005	0.00054947834833135	0.000157717823099747
mforex_buy_rank_tend6	0.00174836069419949	0.00117214075082408	0.00266313115879885
Visa_Fvencimiento	0.00174580026205917	0.00130371450891699	0.00234440972461811
mprestamos_hipotecarios_rank_tend6	0.00174515725758143	0.00118398192048995	0.00276088335124088
mcomisiones_otras_rank_tend6	0.00174492637877045	0.00473827851953954	0.00214069086978094
mrentabilidad_rank	0.00174439241929689	0.00145990799020643	0.00209879707302007
mextraccion_autoservicio_rank_tend6	0.00173677974042764	0.000988170315292753	0.00265573813584105
mcomisiones_mantenimiento_rank_delta1	0.00173641375729396	0.00141272518512538	0.00237808905142587
Visa_msaldodolares_rank_tend6	0.00173599511471934	0.00109469093707197	0.00263520196095827
Visa_mfinanciacion_limite_rank_delta1	0.00173500649571389	0.00111135945099138	0.00252184227560532
cliente_antiguedad_lag1	0.00173267255533919	0.00252330516557908	0.00223187148626048
mtransferencias_emitidas_rank_tend6	0.00173057501074075	0.00096461873624975	0.00269106035663943
mforex_sell_rank_lag1	0.0017145066395969	0.000988134245472677	0.00263848774893951
Master_mpagominimo_rank_tend6	0.00171253850197398	0.000999919440760658	0.0024758412438679
ctrx_quarter_delta1	0.00170873751338838	0.00173841236172689	0.00188686374822978
mcomisiones_mantenimiento_rank_lag1	0.00170648090334617	0.00199245112655478	0.00233208801968844
mtarjeta_visa_consumo_rank_tend6	0.00170477227518695	0.000984184686465756	0.00217354874959338
mcheques_depositados_rank_tend6	0.00170078199917803	0.00151914996588347	0.00293667300823747
ctrx_quarter_normalizado_tend6	0.00169380705123234	0.00240443813777863	0.00181539785963771
vm_madelantopesos_rank	0.00168729086256762	0.000933852330277128	0.00265738102983167
Master_msaldodolares_rank_tend6	0.00168609812160053	0.00194479423632659	0.00268448878067694
mcheques_emitidos_rank_tend6	0.00168455572344273	0.00126357584630595	0.00288410040053756
mplazo_fijo_pesos_rank_tend6	0.00168073152462345	0.0011778251416159	0.00283727792180482
vm_madelantopesos_rank_tend6	0.00167661533282136	0.00107753970886187	0.00271406087250814
minversion1_pesos_rank_tend6	0.0016686894493548	0.00125273654897109	0.00270666784955034
mcaja_ahorro_adicional_rank	0.00166439664639697	0.000910350311281965	0.00277156216217992
minversion1_pesos_rank_lag1	0.00165485116386459	0.000828252955864264	0.00260645131612238
mcheques_emitidos_rechazados_rank_tend6	0.00165321940080958	0.00120825975701868	0.00276088335124088
vm_mpagosdolares_rank_tend6	0.00165179108424816	0.000844008448867519	0.00271734666048939
mforex_sell_rank_tend6	0.00164843755227265	0.00107124100934009	0.00264013064293013
ccallcenter_transacciones_tend6	0.00164837543835753	0.00375912692487359	0.00143178211282739
mprestamos_hipotecarios_rank	0.00164464014575	0.00133248778407418	0.0027403471763581
Master_mconsumosdolares_rank_tend6	0.0016398496149837	0.00139395553227699	0.00270913219053627
mforex_buy_rank	0.00163258947315633	0.000878846257354114	0.00261877302105204
Visa_fechaalta_tend6	0.00162851692179689	0.000656671065338559	0.0007861247745128
minversion1_dolares_rank_tend6	0.0016235147861498	0.000999763771010855	0.00269023890964412
mprestamos_hipotecarios_rank_lag1	0.0016228897206256	0.0015506287651845	0.00271159653152221
mtarjeta_visa_descuentos_rank_tend6	0.00162092736418946	0.0010550514128882	0.00276334769222681
Master_madelantopesos_rank_tend6	0.00161911219532805	0.00124686021726271	0.00251937793461939
mcajeros_propios_descuentos_rank_tend6	0.00161787320538437	0.00131198807423366	0.00278963399607677
minversion2_rank_tend6	0.00161601568857059	0.000874571954911259	0.00256702186034744
Master_mpagosdolares_rank_tend6	0.00161312230145263	0.00217046679146277	0.00282249187588922
mtransferencias_emitidas_rank	0.00161142059366049	0.00191169916967316	0.00230908750381973
mcomisiones_rank_lag1	0.0016093292929647	0.00117159987610581	0.00149010484949448
vm_status01	0.00160895426990312	0.00616921381508114	0.000205361748827795
matm_other_rank_delta1	0.00160874626043272	0.00100772455863733	0.0023953394383274
mtarjeta_master_consumo_rank	0.00160745120954096	0.0020985123039671	0.00231812342076815
Visa_cconsumos_tend6	0.00160269409800762	0.000935645495072485	0.0018071833896846
ctarjeta_visa_debitos_automaticos_tend6	0.00160228753388486	0.00285509104691849	0.00136935214118374
vm_mconsumosdolares_rank_tend6	0.0015995736778259	0.000866256940941688	0.00264095208992545
mcheques_emitidos_rechazados_rank	0.00159897122210175	0.000880084165525266	0.00273541849438623
vm_fechaalta_lag1	0.00159818663497833	0.00152713960361324	0.00167903765841605
minversion1_pesos_rank	0.00159506899248475	0.00118008033952121	0.00269352469762536
mtarjeta_master_descuentos_rank	0.00159288422959646	0.00130342928695855	0.00273541849438623
mcuenta_corriente_adicional_rank	0.00158994560493009	0.00154880001955387	0.00263191617297702
Master_mconsumototal_rank_tend6	0.00158021442903479	0.00103086110463896	0.00254484279147404
vm_Fvencimiento_lag1	0.00158008314158021	0.00137065802398417	0.0020790823451326
mcuenta_corriente_adicional_rank_tend6	0.001571439641479	0.00080897559297268	0.00254484279147404
mtarjeta_visa_descuentos_rank_lag1	0.00156962028404704	0.000918918763197861	0.00259412961119271
mcaja_ahorro_adicional_rank_tend6	0.0015688404798226	0.00102389519973721	0.00273377560039561
vm_msaldodolares_rank	0.00156547835889939	0.00127550615502478	0.00252184227560532
Master_mfinanciacion_limite_rank_tend6	0.0015629464924368	0.00111251115401838	0.00259987974015989
matm_other_rank_tend6	0.00156183075757191	0.00105478900063257	0.00258427224724897
Master_mlimitecompra_rank_tend6	0.00155795459439455	0.000979732940067518	0.00257030764832868
mcaja_ahorro_dolares_rank_lag1	0.00155140735904563	0.00161993427819045	0.00240766114325707
minversion1_dolares_rank_lag1	0.00154780763040747	0.000748012131919454	0.00240519680227114
Master_mpagospesos_rank_tend6	0.00153478707938203	0.000830463742444061	0.00245776940997105
vm_mfinanciacion_limite_rank_delta1	0.00153202579167369	0.000736114268780405	0.0024462691520367
mcuenta_debitos_automaticos_rank_lag1	0.00152778061942226	0.00125293476039864	0.00233865959565093
vm_mlimitecompra_rank_tend6	0.00152725204529749	0.00104125125505158	0.00245859085696636
mcheques_depositados_rechazados_rank	0.00152538878980867	0.00107050264228956	0.0027477401993159
mcheques_emitidos_rank	0.00151935259004054	0.00113758172120206	0.0027920983370627
mpayroll2_rank_lag1	0.00151691508785002	0.00103779692259351	0.00257277198931462
mplazo_fijo_dolares_rank_lag1	0.00151638157251882	0.00137737886120886	0.00259659395217864
Visa_mlimitecompra_rank_tend6	0.00151546313910227	0.000866332129545899	0.00232633789072126
mpayroll2_rank	0.00151363578299914	0.00123559734403435	0.00272720402443312
matm_other_rank_lag1	0.00151348906469483	0.000765054863031206	0.00232469499673064
mcaja_ahorro_adicional_rank_lag1	0.00151007175669999	0.00124045302064258	0.00258016501227242
vm_madelantodolares_rank_tend6	0.00150833604228392	0.00102194596249868	0.00269023890964412
mpasivos_margen_rank_lag1	0.00150735371846874	0.001118707137968	0.00149421208447104
Visa_mpagado_rank_tend6	0.00150424147970795	0.00161284960750951	0.00252102082861001
minversion1_dolares_rank	0.00150311850082396	0.000827751976553044	0.00258345080025366
mplazo_fijo_dolares_rank_delta1	0.00149947167315966	0.0014662153763994	0.0023657673464962
mpagomiscuentas_rank	0.00149699020912315	0.00403729835527173	0.00228608698795102
mcheques_emitidos_rechazados_rank_lag1	0.00149539088715558	0.000893451686867647	0.00241423271921956
mprestamos_prendarios_rank	0.00148901772875565	0.000828370456035724	0.00267380996973789
Master_msaldototal_rank_tend6	0.00148886566361906	0.000946073124731963	0.00238219628640242
mcaja_ahorro_dolares_rank_delta1	0.00148799421479269	0.000679189735897558	0.00236001721752902
mttarjeta_visa_debitos_automaticos_rank_lag1	0.00148788543502984	0.000783455361118143	0.00186304178536576
vm_madelantodolares_rank_lag1	0.00148293650706514	0.000771327933996615	0.00248405571382101
mautoservicio_rank_delta1	0.00148161024959143	0.000969569736130496	0.00236248155851496
Visa_mpagospesos_rank_tend6	0.00148151309735689	0.00190963979579901	0.00218504900752774
mpagodeservicios_rank	0.00148137534529604	0.000884443810197918	0.00254566423846935
vm_mfinanciacion_limite_rank_tend6	0.00148033234079416	0.00161138817575637	0.00243394744710703
mplazo_fijo_pesos_rank	0.00147868297960252	0.00191745722458716	0.00259412961119271
mactivos_margen_rank_delta1	0.00147821596061528	0.00129880912844186	0.0023657673464962
vm_mpagado_rank_lag1	0.00147755273149911	0.000936605372238168	0.00232305210274002
vm_msaldopesos_rank_tend6	0.00147576492778222	0.00100078966112476	0.00198133015269057
Visa_mpagosdolares_rank_tend6	0.00147070223416401	0.000792365872284715	0.00234194538363218
Master_mconsumosdolares_rank_delta1	0.00146623955314504	0.000631500112451475	0.00239041075635554
vm_mpagosdolares_rank	0.00146546827707219	0.000956069153394436	0.00248734150180225
vm_madelantodolares_rank	0.00145651654430733	0.0015931044587456	0.00256045028438495
Master_madelantopesos_rank_delta1	0.0014554686729692	0.000712159593677952	0.00235426708856184
mpayroll_rank_delta1	0.001451441998628	0.0011690299733349	0.002373160369454
vm_mpagospesos_rank_tend6	0.00144767166467482	0.00247177384742056	0.00222447846330268
vm_madelantopesos_rank_lag1	0.00144654284291706	0.00092784868993744	0.00259741539917395
mtarjeta_master_consumo_rank_delta1	0.00144607287807016	0.000859994742697163	0.00226637226006355
Master_mfinanciacion_limite_rank_delta1	0.00144595780379691	0.000820675474794675	0.00233948104264624
Visa_madelantopesos_rank_tend6	0.00144527709545394	0.000779159572107826	0.00216944151461683
mtarjeta_master_descuentos_rank_tend6	0.00144451633194674	0.000828880783585799	0.00265080945386918
vm_mlimitecompra_rank_delta1	0.00144030335710988	0.000823996026763774	0.00241094693123832
mplazo_fijo_pesos_rank_lag1	0.00143882348821645	0.00170938737445209	0.00262616604400984
mv_status07_rank_tend6	0.00143630707463898	0.000753160854242947	0.00228690843494633
mcaja_ahorro_rank_lag1	0.00143372511829183	0.00237416790756064	0.00167082318846294
mcomisiones_otras_rank_lag1	0.0014298542146863	0.00126666936550802	0.0014843547205273
mprestamos_prendarios_rank_lag1	0.00142918613544943	0.000816477511508504	0.00242573297715392
vm_fechaalta	0.00142837499820573	0.00151942129492077	0.00171271698522381
vm_mconsumospesos_rank_tend6	0.00142545149496561	0.00126689864185238	0.00214726244574343
minversion2_rank	0.00142202062544664	0.0010562409403278	0.00261137999809424
mtarjeta_visa_descuentos_rank	0.00142019196112623	0.00120200066526584	0.00266805984077071
Visa_madelantodolares_rank_tend6	0.00142008626655454	0.00147162944488733	0.00228362264696508
Visa_mlimitecompra_rank_delta1	0.0014196299773649	0.00148682280671534	0.00246516243292885
mttarjeta_master_debitos_automaticos_rank	0.00141928055151748	0.000834439764157896	0.00247009111490072
mcaja_ahorro_adicional_rank_delta1	0.00141878970427993	0.000812808744832991	0.00238630352137898
vm_mpagosdolares_rank_lag1	0.00141745398432395	0.00135356812022097	0.00246762677391479
mforex_sell_rank	0.00141494099205013	0.00095466087716562	0.00252677095757719
cproductos	0.00141426596982468	0.00283925300177519	0.0010062725692562
ccajas_consultas_tend6	0.00141109919557481	0.00534461616442843	0.00119274103719183
mtransferencias_emitidas_rank_lag1	0.00141091686532563	0.000994785330453591	0.00203636710137642
mttarjeta_master_debitos_automaticos_rank_lag1	0.00140976936255753	0.000816578357432896	0.00242819731813985
thomebanking	0.00140748612843709	0.00310443906683537	0.000598834859581851
ccaja_seguridad	0.00140742327584892	0.00729945573059103	0.000378687064838454
matm_other_rank	0.00140635176176491	0.000887575441450701	0.00242901876513516
vm_mpagado_rank	0.00140476167561536	0.000926297026106486	0.00227622962400728
minversion2_rank_lag1	0.00140184329847656	0.000803067103322635	0.00254155700349279
vm_mpagominimo_rank	0.00139974978320539	0.00169492047145649	0.00137920950512747
mcuenta_debitos_automaticos_rank_delta1	0.00139904300806917	0.000677371747932564	0.00221215675837301
vm_msaldototal_rank_tend6	0.00139766248645877	0.000852225407002448	0.00185072008043609
vm_mpagominimo_rank_tend6	0.00139726102228946	0.00099397122828643	0.00204868880630608
mcaja_ahorro_rank_delta1	0.00139689160404753	0.000842561283965063	0.00220722807640114
mpagodeservicios_rank_delta1	0.0013957046255472	0.000981323722682606	0.00250130610072255
mtransferencias_emitidas_rank_delta1	0.00139108028951672	0.000773577091501438	0.00226390791907761
mforex_buy_rank_lag1	0.00139034502471207	0.000904217435135576	0.00234605261860873
mcajeros_propios_descuentos_rank_lag1	0.00138854266641124	0.000719700861108406	0.00241094693123832
Visa_fultimo_cierre_tend6	0.00138507441421352	0.00082791495231106	0.00130445782855415
mtransferencias_recibidas_rank_delta1	0.00138422925486895	0.000704317169137293	0.00233455236067438
mforex_buy_rank_delta1	0.00137762951390876	0.000871604248622284	0.00243476889410234
mpagodeservicios_rank_lag1	0.00137432683192061	0.000877849850147364	0.00250377044170848
Visa_mconsumosdolares_rank_tend6	0.00137395877433624	0.000844732807941667	0.00211111877794973
mcheques_depositados_rank_lag1	0.0013726236981423	0.00105792661475822	0.00252512806358657
Master_mpagosdolares_rank	0.0013671588537352	0.00226491889440715	0.00221462109935894
vm_msaldodolares_rank_lag1	0.00136249268546919	0.000733462130271381	0.00239451799133209
mpagomiscuentas_rank_lag1	0.00136187511940974	0.00178359723243594	0.00212590482386534
matm_rank	0.00135765282061916	0.000781111944601845	0.002138226528795
mrentabilidad_rank_delta1	0.00135502896757921	0.000808554663349876	0.00217765598456994
vm_mconsumototal_rank_tend6	0.00135437960129901	0.00108910253112034	0.00217272730259807
mpayroll_rank_lag1	0.00135215921064311	0.00212557913722171	0.0019911875166343
mcheques_depositados_rank	0.00135177983051322	0.00136296934201792	0.00256620041335213
mpagomiscuentas_rank_delta1	0.00135168749814295	0.000759948337219716	0.00223844306222297
vm_mconsumosdolares_rank	0.00135039128426157	0.00117469943570836	0.00231976631475877
mcomisiones_rank	0.00134862172027087	0.00104013047312234	0.00146792578062108
mcheques_depositados_rechazados_rank_lag1	0.00134761347936204	0.000644640083278208	0.0022778725179979
mv_status07_rank	0.00134573469570947	0.000645792016415701	0.00195257950785468
chomebanking_transacciones_lag1	0.00134423542189651	0.0010293244555178	0.00144246092376643
mautoservicio_rank	0.00134345761223152	0.00182765654642297	0.00189014953621103
mpasivos_margen_rank_delta1	0.00134140600141115	0.00112208271510919	0.00198872317564837
minversion1_pesos_rank_delta1	0.00134058721173071	0.000638679732475374	0.00237808905142587
Master_mpagado_rank_tend6	0.00133369188977195	0.000884233201567457	0.00240108956729458
mtarjeta_master_descuentos_rank_lag1	0.00133191608802873	0.000714215026909877	0.00236658879349151
Master_mpagospesos_rank_delta1	0.0013307312080248	0.000676039379403253	0.00231483763278691
mttarjeta_visa_debitos_automaticos_rank_delta1	0.00132960369256777	0.00289187475604144	0.00219408492447616
vm_msaldodolares_rank_delta1	0.00132943067623633	0.000798474097844337	0.00230580171583848
mrentabilidad_rank_lag1	0.00132493215789766	0.00133135356944479	0.00179568313175024
mtransferencias_recibidas_rank_lag1	0.00131910453186927	0.00141619246129879	0.0019542224018453
mcheques_depositados_rechazados_rank_delta1	0.00131675622929392	0.000751001900052127	0.00219490637147147
Master_mconsumosdolares_rank	0.00131651329637571	0.000613992385557145	0.00192136452203285
Master_msaldopesos_rank_delta1	0.00131287624409858	0.000736192391293425	0.00217108440860745
rf_020_024	0.00130826235912259	0.000877191130091888	0.000133074413240411
Master_mpagominimo_rank_delta1	0.00130710751311459	0.000618994757605878	0.00212179758888878
Master_mpagado_rank	0.00130629757841246	0.00123133345409139	0.00186714902034231
mplazo_fijo_pesos_rank_delta1	0.00129883279487619	0.00104434658637379	0.00251855648762408
ccomisiones_otras_tend6	0.0012980723348709	0.00129183830492827	0.00208318958010915
Master_fultimo_cierre_tend6	0.00129584794181509	0.0024537168467749	0.00142438908986959
mcajeros_propios_descuentos_rank	0.00129523118032777	0.000697832051350829	0.00237233892245869
mextraccion_autoservicio_rank	0.00129429762920278	0.00117851101470977	0.00215219112771529
Visa_mpagominimo_rank_tend6	0.00129424226164568	0.00244187481419467	0.00218669190151836
Master_mlimitecompra_rank_delta1	0.00129292096402419	0.000635780857988188	0.0023435882776228
mextraccion_autoservicio_rank_lag1	0.00129105668094648	0.00091745454135497	0.00205279604128264
mpayroll_sobre_edad_rank_delta1	0.00128978940394706	0.00105928564734113	0.00223187148626048
mcajeros_propios_descuentos_rank_delta1	0.00128924157252561	0.000648820500639142	0.00235673142954778
mprestamos_prendarios_rank_delta1	0.0012811733665994	0.000839503633236393	0.00233455236067438
matm_rank_lag1	0.00127864638436654	0.000854395377733211	0.00205115314729202
rf_004_028	0.0012769302456946	0.000713613518076196	0.00013882454220759
Visa_msaldototal_rank_tend6	0.00127573799238191	0.000941530312105366	0.00172750303113941
Master_mconsumospesos_rank_delta1	0.00127494529420468	0.000593535447504867	0.00215711980968716
mttarjeta_master_debitos_automaticos_rank_delta1	0.00127312778414498	0.000757085647607854	0.00230498026884317
vm_mconsumosdolares_rank_delta1	0.00127309843662602	0.00085403223460844	0.0023066231628338
Master_fechaalta_tend6	0.00127281728068729	0.000773240928832194	0.000861697898081428
mcuenta_corriente_adicional_rank_delta1	0.00127224613821912	0.000849119059140293	0.00233783814865562
ctransferencias_recibidas_tend6	0.00127129259181796	0.0013697078689869	0.00194190069691563
ccomisiones_mantenimiento_delta1	0.00127077172608876	0.00526586288977794	0.000392651663758744
Master_madelantodolares_rank_delta1	0.00127010232853416	0.00076292159492438	0.00225815779011044
vm_mpagado_rank_delta1	0.00126773166348693	0.000721809795030396	0.00229430145790413
Master_mpagospesos_rank_lag1	0.00126750325357753	0.000581338066792888	0.00186468467935638
minversion1_dolares_rank_delta1	0.0012663840547253	0.000682556108618955	0.00225733634311512
vm_mconsumosdolares_rank_lag1	0.00126406763870902	0.00145711085332181	0.00235344564156653
minversion2_rank_delta1	0.00126405516211581	0.000641480436072671	0.00219490637147147
Master_mconsumototal_rank_delta1	0.00125949889968191	0.000654736008659281	0.0021891562425043
Visa_mpagominimo_rank_delta1	0.00125804338875951	0.00120049919428658	0.00199447330461555
Visa_msaldodolares_rank_delta1	0.00125640451929378	0.000597839693075872	0.00206101051123575
mforex_sell_rank_delta1	0.00125244985006229	0.00063554096779725	0.00222529991029799
mextraccion_autoservicio_rank_delta1	0.00125157634545056	0.000794537856482309	0.00221297820536832
Master_mpagosdolares_rank_delta1	0.00125152485602658	0.000829870833990127	0.00228772988194164
Visa_mconsumosdolares_rank_delta1	0.00124342733864021	0.000654027383390222	0.00200433066855928
mprestamos_hipotecarios_rank_delta1	0.00124265392695523	0.000709703595602023	0.00228608698795102
vm_mpagominimo_rank_delta1	0.00124265076374445	0.000805543696287859	0.00206511774621231
mcheques_emitidos_rank_lag1	0.00124256536190814	0.0012997228396895	0.00235262419457122
Master_mpagado_rank_delta1	0.00124027897380798	0.000699589290145169	0.00208893970907633
vm_madelantodolares_rank_delta1	0.00124014137680759	0.000740694618181484	0.00226883660104948
mcheques_depositados_rank_delta1	0.00123955430232765	0.000641927598291895	0.00220640662940583
mttarjeta_visa_debitos_automaticos_rank	0.00123816005882063	0.000957174489156711	0.00191150715808912
Master_mconsumototal_rank	0.00123513838888963	0.000587185577161784	0.00195915108381717
Visa_mpagado_rank_delta1	0.00123146035498137	0.000878674220995361	0.00213986942278563
vm_mpagosdolares_rank_delta1	0.00122996284110046	0.000667945329036415	0.00218587045452305
mpayroll_sobre_edad_rank_lag1	0.00122959552257596	0.00146282763216578	0.00198461594067181
Master_mconsumospesos_rank	0.00122571200774428	0.00070933009750498	0.0020059735625499
Master_mpagosdolares_rank_lag1	0.00122411000776848	0.000785928099732577	0.00192382886301879
vm_madelantopesos_rank_delta1	0.00121998356669621	0.000737006148294844	0.00237726760443056
mtarjeta_master_consumo_rank_lag1	0.00121988556776266	0.00076730574636474	0.0019394363559297
Visa_mconsumospesos_rank_tend6	0.00121538649796483	0.000741376234231203	0.00192957899198596
Master_madelantodolares_rank	0.00121430660982067	0.000814512339118206	0.00210208286100131
Visa_mpagado_rank	0.00121124243512245	0.000792630902047221	0.00186057744437982
mautoservicio_rank_lag1	0.00121003569181399	0.000884537724043651	0.00173571750109252
mpayroll2_rank_delta1	0.00120871834722523	0.000828070737116111	0.00219737071245741
mcheques_emitidos_rank_delta1	0.00120547809996749	0.000854263553183442	0.00228690843494633
Master_msaldodolares_rank_lag1	0.00120539212536536	0.000738132165237848	0.00182525522358144
Master_madelantopesos_rank	0.00120371021936814	0.000997476760329621	0.00214315521076687
cpagomiscuentas_tend6	0.00120297462411077	0.00320476724261382	0.00124202785691051
Master_msaldototal_rank_delta1	0.00120032458337303	0.000979452723012347	0.0021530125747106
mtarjeta_visa_consumo_rank_delta1	0.00120010612466504	0.000803795374275197	0.00206347485222169
Master_msaldodolares_rank_delta1	0.00119883721840642	0.000616912890430852	0.00211194022494505
matm_rank_delta1	0.00119782213951462	0.000789857811709313	0.00233290946668375
vm_fultimo_cierre_tend6	0.00119290960364806	0.00123520762314742	0.0013956384450337
Master_madelantopesos_rank_lag1	0.00119064005836822	0.00072529516364147	0.00192875754499065
ccomisiones_otras	0.0011889699636181	0.00224944528676016	0.0011023818677076
mcheques_emitidos_rechazados_rank_delta1	0.00118566772732939	0.000696320570565047	0.0021308335058372
ctransferencias_emitidas_tend6	0.00118327105260627	0.00100510569985863	0.00135128030728689
vm_cconsumos_tend6	0.0011820011188037	0.00137533010118128	0.00112784672456225
Visa_mconsumototal_rank_tend6	0.00118179791544963	0.000669473694179761	0.00193697201494376
Visa_msaldodolares_rank	0.00117821341911605	0.000572190800690872	0.00186057744437982
Master_mpagospesos_rank	0.00116736195186716	0.000821200241778305	0.00192054307503754
cdescubierto_preacordado	0.00116192092122004	0.00161397211526747	0.00041072349765559
Visa_msaldopesos_rank_tend6	0.00115470058299877	0.00110718901467316	0.00166589450649107
mtarjeta_master_descuentos_rank_delta1	0.00115089723942592	0.000618185689105793	0.00219244203048554
vm_mconsumototal_rank_delta1	0.00114891292171089	0.000611022464454657	0.00197065134175152
vm_msaldototal_rank	0.00114828484513713	0.000951873893906581	0.000923306422729767
Visa_mpagosdolares_rank_delta1	0.0011471032348207	0.000608885255705606	0.00201090224452177
vm_mpagospesos_rank_delta1	0.00114594343854126	0.00127926863419935	0.00207990379212791
Master_mconsumosdolares_rank_lag1	0.00114265872873461	0.000825075791497302	0.00204293867733891
vm_msaldototal_rank_delta1	0.00114085174828824	0.000683828303253848	0.00185072008043609
Master_mpagominimo_rank_lag1	0.00114070639954631	0.00043718802229433	0.00149256919048042
ctarjeta_visa_transacciones	0.00113946866800926	0.00164322692539906	0.000717123226906661
mv_status07_rank_lag1	0.00113354770554384	0.00048792166242226	0.0017414676300597
Visa_madelantopesos_rank_delta1	0.00113249562977532	0.000531566633699402	0.00181211207165646
Master_mconsumototal_rank_lag1	0.00113041748147293	0.000644783413352721	0.00196572265977966
mtarjeta_visa_descuentos_rank_delta1	0.00112735188401989	0.00091429716649057	0.00222694280428861
Visa_msaldodolares_rank_lag1	0.00112623664390706	0.000566500225679502	0.00180800483667991
Master_mpagado_rank_lag1	0.00112250486621892	0.00116620269197544	0.00185482731541265
Master_madelantodolares_rank_lag1	0.0011203337427767	0.000650299305734647	0.00198954462264368
Master_msaldodolares_rank	0.00111867754213879	0.000815286718461184	0.00183839837550642
Master_msaldopesos_rank	0.00110664030776367	0.000773608444056368	0.00155417771512875
rf_011_022	0.00110651127528431	0.000266184140568013	0.000125681390282611
vm_status02	0.00110601306775331	0.00113513685472132	9.36449574654746e-05
mcomisiones_otras_rank_delta1	0.00109988426179895	0.00205214083972727	0.00152214128231162
vm_msaldopesos_rank_delta1	0.00109907491537671	0.00117496058235627	0.00186797046733762
mv_status07_rank_delta1	0.00109071873560856	0.00101549461342734	0.00200515211555459
Master_mconsumospesos_rank_lag1	0.00108953763729701	0.000593428417360925	0.00187782783128136
Visa_status	0.00108022767054164	0.00060346477288763	4.18937967608702e-05
mcomisiones_rank_delta1	0.00107493489913477	0.0015917784182549	0.00170285962128008
vm_mconsumospesos_rank_delta1	0.0010716864522538	0.000568056721830849	0.0018737205963048
vm_msaldopesos_rank	0.00106759506138706	0.000651728349435629	0.000865805133057984
Visa_msaldototal_rank_delta1	0.00106055037204758	0.000496643166581079	0.00172093145517692
vmr_Master_mlimitecompra	0.00105604330457691	0.00128896643966042	0.00138331674010403
vmr_mpagospesos_tend6	0.00104496631177494	0.000965198672224534	0.00120341984813088
Visa_mconsumospesos_rank_delta1	0.00104049523033501	0.000468147807374107	0.0018367554815158
Visa_mpagado_rank_lag1	0.001037990820216	0.000537261350699681	0.00167000174146763
Visa_mconsumototal_rank_delta1	0.00103567742426349	0.000614172418255596	0.00184743429245485
Visa_mfinanciacion_limite_rank	0.00102423833677825	0.000618209361722957	0.00123874206892926
Visa_madelantodolares_rank_delta1	0.0010206697633172	0.000612583447760655	0.00179896891973149
Visa_mpagospesos_rank_delta1	0.00102016678804181	0.00110923524348529	0.00217190585560276
vm_mpagominimo_rank_lag1	0.00100992747438866	0.00114144855548606	0.00123299193996208
ccajas_transacciones_tend6	0.0010090530800543	0.00122637509067481	0.000964378772495326
Visa_Fvencimiento_tend6	0.00100503528753477	0.00181254760638277	0.000999700993293707
cpayroll_trx_tend6	0.00100345797126072	0.00167219990770202	0.000766410046625332
Master_fultimo_cierre	0.00100228367288647	0.000717016420838659	0.00150242655442415
tcallcenter	0.00100040927848494	0.0026136306107269	0.000252184227560532
cmobile_app_trx_tend6	0.000995713248604672	0.000992923592730753	0.00141863896090241
ccuenta_debitos_automaticos_tend6	0.000995381974294981	0.00286769707510561	0.00100873691024213
vmr_msaldopesos2_tend6	0.000993052370703692	0.00123072299971222	0.00142274619587896
ccomisiones_otras_lag1	0.000988464314539129	0.00260910885321059	0.00107609556385765
rf_010_028	0.000987064758830501	0.000481981072358176	8.21446995311181e-05
ctarjeta_visa_transacciones_delta1	0.000965915647782476	0.00489644718302582	0.000908520376814166
Visa_madelantopesos_rank	0.000963968648581956	0.000389857428747922	0.00140467436198212
catm_trx_tend6	0.0009624530669189	0.000935490860819909	0.00104159479005458
Visa_fultimo_cierre	0.000961745105177152	0.000662785245007236	0.00149010484949448
vmr_mpagado_tend6	0.000959010808332088	0.00097286287618689	0.00123299193996208
Master_mfinanciacion_limite_rank_lag1	0.000953838039102397	0.000807046116472904	0.00119849116615901
Master_msaldopesos_rank_lag1	0.000949852346636535	0.000972213015385467	0.00139481699803838
vm_fechaalta_tend6	0.000949097708292122	0.000735815614121831	0.000781196092540933
Master_mlimitecompra_rank_lag1	0.000938445022762303	0.0007776659248854	0.00118534801423403
Visa_msaldopesos_rank	0.000935346042660635	0.000472489934885336	0.000784481880522177
Visa_mconsumosdolares_rank	0.000928029607647118	0.000781029047296056	0.00142438908986959
Master_fultimo_cierre_lag1	0.00091997103104814	0.000818937335171412	0.00144656815874299
vm_mlimitecompra_rank	0.000919950190503039	0.000619975344716103	0.00114263277047785
vm_fultimo_cierre_lag1	0.000916872222781105	0.000541991703379625	0.00130199348756822
Visa_msaldopesos_rank_delta1	0.000916167609760432	0.000527086957639845	0.00171518132620975
vm_fultimo_cierre	0.000913591009341827	0.00065784442751589	0.00152542707029286
Visa_cconsumos_lag1	0.000912799146473745	0.00104614728728786	0.000947128385593791
Master_msaldototal_rank	0.000911923823853353	0.000707502703773506	0.00142603198386021
Visa_mpagominimo_rank	0.000911301876242253	0.000473079219098975	0.00107034543489047
Visa_madelantopesos_rank_lag1	0.000911142690739899	0.000486439060503589	0.00143096066583208
Master_mfinanciacion_limite_rank	0.00090960877654374	0.000976898065061727	0.00133813715536191
ctrx_quarter_normalizado_delta1	0.000906764904856551	0.00125976536032939	0.00126256403179328
Visa_madelantodolares_rank_lag1	0.000901429256688954	0.00214331102050189	0.00147778314456481
Master_mpagominimo_rank	0.000899725486547139	0.000525057699476716	0.00151474825935382
Visa_mpagosdolares_rank	0.000899556477585732	0.000585824042127244	0.00144163947677112
rf_009_008	0.000897278308434463	0.000198455833657954	1.97147278874683e-05
vmr_Master_mlimitecompra_tend6	0.000895188157234321	0.00234306231871853	0.00120095550714495
ctarjeta_debito_transacciones_tend6	0.0008923800184063	0.000754697819766039	0.00127735007770889
cprestamos_personales_lag1	0.000883710704720534	0.00362798307071279	0.000499439773149198
Visa_mpagosdolares_rank_lag1	0.000883547890859219	0.000535727232793963	0.00130856506353071
vm_mconsumospesos_rank	0.000881177889731938	0.000705403146854184	0.00120177695414026
Master_msaldototal_rank_lag1	0.000875653860526466	0.000404497863820492	0.00134388728432909
Visa_madelantodolares_rank	0.000869937649714422	0.00103538847109859	0.00139317410404776
Visa_mlimitecompra_rank_lag1	0.000869617755407557	0.000514467870682141	0.00123709917493864
Visa_fultimo_cierre_lag1	0.000865638952898026	0.000991332551241358	0.00137017358817905
vmr_Master_mlimitecompra_lag1	0.000857215945963956	0.00132671298862167	0.00123627772794333
Visa_mpagominimo_rank_lag1	0.000855108922548653	0.000744705789273415	0.00106295241193267
Visa_mconsumosdolares_rank_lag1	0.000852759878041544	0.00059946999716846	0.0014326035598227
Visa_mfinanciacion_limite_rank_lag1	0.000848279108513993	0.00065785446608623	0.00115166868742628
vmr_mpagominimo_tend6	0.000832222090851964	0.000957358232386893	0.00110895344367009
Master_mlimitecompra_rank	0.000829324933294738	0.000619608059602423	0.00121327721207461
vm_Fvencimiento_tend6	0.000827714403526266	0.00114827472578979	0.00102927308512491
vmr_Visa_mlimitecompra	0.000824055822419924	0.000677955710841008	0.00116316894536063
vm_mlimitecompra_rank_lag1	0.000824038932557304	0.000563473754922891	0.00101941572118118
vm_mfinanciacion_limite_rank	0.000820960041994203	0.000428166569105402	0.00107609556385765
Visa_msaldototal_rank	0.000820534216737767	0.000462682711883932	0.000815696866344002
Visa_mconsumospesos_rank	0.000818499061749831	0.00068281725526686	0.00114920434644034
vm_status04	0.000817518483788595	0.000355700948672927	7.39302295780063e-05
Visa_mlimitecompra_rank	0.000803223436167409	0.000572667934802057	0.00112948961855287
ccallcenter_transacciones	0.000796310453373028	0.00153005398179502	0.000482189386247663
vmr_mpagominimo	0.000793073236892965	0.000739981649576833	0.000861697898081428
vmr_msaldopesos_tend6	0.000790910892298626	0.00060826576948951	0.000916734846767278
cprestamos_personales_tend6	0.000787974854646571	0.00192687377749584	0.000673586536155168
ccallcenter_transacciones_delta1	0.000787279805417431	0.00117927618963296	0.000576655790708449
vmr_Visa_mlimitecompra_lag1	0.000772028418079574	0.000674001635915625	0.00106459530592329
Master_Fvencimiento_tend6	0.000770121214049232	0.000661954172191076	0.000892091436907942
vm_mfinanciacion_limite_rank_lag1	0.000768522483112312	0.000566854912243585	0.00102680874413898
ccomisiones_mantenimiento	0.000762929254102297	0.00184069196079358	0.000421402308594636
vmr_mconsumospesos_tend6	0.000761237912968274	0.000635461378329825	0.0010210586151718
vm_mconsumospesos_rank_lag1	0.000759160954252703	0.000776134625833244	0.00117959788526686
Visa_cconsumos	0.000754574735852268	0.000587791774496798	0.00085594776911425
vmr_msaldototal_tend6	0.000750333123575645	0.000668598497676203	0.000858412110100184
rf_004_016	0.000739210012075305	0.00295871647597844	0.00030639972925107
vmr_mpagominimo_lag1	0.000735079824433652	0.000512547857476468	0.000768052940615954
cdescubierto_preacordado_lag1	0.00072657967640888	0.000168082600229689	0.00022261213572933
Visa_mconsumospesos_rank_lag1	0.000726096490823506	0.000761452080540106	0.00109827463273105
Master_cconsumos_tend6	0.00072291835329223	0.00110605592183244	0.000933163786673501
ccaja_ahorro	0.000719059730383944	0.00220069913974053	0.000512582925074177
Visa_mconsumototal_rank	0.000716459260113675	0.00048577815439841	0.000954521408551592
vmr_msaldopesos2	0.000712771148234565	0.00101134721692243	0.00097423613643906
Visa_cconsumos_delta1	0.000707511659200543	0.00105053296321025	0.000805839502400268
cextraccion_autoservicio_tend6	0.000692001026849073	0.0013072353720719	0.000966843113481259
vmr_mpagospesos_lag1	0.000685129969999722	0.00055888563929261	0.000792696350475289
vmr_msaldopesos2_lag1	0.000684670939487472	0.000533507184266746	0.000927413657706323
ccajas_consultas_delta1	0.000684101891381741	0.00437431217447251	0.000462474658360195
rf_008_014	0.000681693435591744	0.002520350776935	0.000197147278874683
vmr_Visa_mlimitecompra_tend6	0.000680220158648398	0.00350707804055039	0.00105720228296549
active_quarter_tend6	0.0006738817229767	0.00137576716730254	0.000845268958175205
vm_status05_delta1	0.000672759963506131	0.000911337427777482	0.000117466920329499
vmr_msaldopesos	0.000670116035705133	0.000508226353618345	0.000593906177609984
vm_msaldototal_rank_lag1	0.000652929147268652	0.000431749677149187	0.000768874387611265
vm_status01_tend6	0.000652598420159128	0.00194755271464808	0.000346650632021318
vmr_msaldopesos2_delta1	0.000650215663888934	0.000927309828685997	0.00101284414521869
ccajas_otras_tend6	0.000647529786110869	0.0035144921431686	0.00050765424310231
cplazo_fijo_tend6	0.000645492278696934	0.0048002790885933	0.000634157080380231
Visa_mconsumototal_rank_lag1	0.000637807394613821	0.000485727875255274	0.000878948284982963
vm_mpagospesos_rank	0.000629379941786092	0.00051332399141197	0.000915913399771966
vmr_mpagospesos_delta1	0.000628662135425142	0.000621051053752159	0.000917556293762589
vm_mconsumototal_rank	0.000626975354058069	0.000366202299982211	0.000902770247846987
cproductos_lag1	0.00062162976109708	0.000882664336977008	0.00073026637883164
ctarjeta_debito_transacciones_delta1	0.000607897209400354	0.00176760547348204	0.000814875419348691
ccajas_extracciones_tend6	0.00060337025481038	0.00115919715054094	0.000759017023667531
ccajas_consultas	0.000593479023595999	0.00423796882986027	0.000398401792725923
rf_013_024	0.000588748414853454	0.000512344123397042	0.000128145731268544
vmr_msaldototal	0.000586007201167671	0.000416370040875547	0.000602120647563095
Visa_mpagospesos_rank_lag1	0.000576393960108261	0.000450677358379951	0.000922484975734456
vm_cconsumos_delta1	0.00057403974363559	0.000635240127088974	0.000569262767750648
vm_mpagospesos_rank_lag1	0.00056554121718625	0.000887857758264137	0.000929877998692256
Visa_msaldototal_rank_lag1	0.000562570990336331	0.000535621123092	0.000749981106719108
ctransferencias_recibidas	0.000560709011292337	0.0014701765272225	0.000703158627986371
ctransferencias_emitidas	0.000554789625411395	0.000924053563836412	0.000604584988549029
mtarjeta_visa_consumo_rank_lag1	0.0005541667225908	0.000271652400077494	0.000825554230287736
ccomisiones_mantenimiento_lag1	0.000552940351664497	0.00437960681561358	0.000511761478078866
rf_003_015	0.000543106766129458	7.65150473941839e-05	0.000151146247137257
vmr_mpagospesos	0.000539680397620945	0.000431744096969686	0.000616085246483385
catm_trx_other_tend6	0.000534156861342817	0.00100600022564376	0.000718766120897283
Visa_msaldopesos_rank_lag1	0.000532691313785226	0.000511223686633539	0.000761481364653464
Visa_mpagospesos_rank	0.000525198312479945	0.000663902517751434	0.000877305390992341
internet_lag1	0.00052377613446195	0.00174024058960891	0.000415652179627457
ctarjeta_visa_transacciones_lag1	0.00052337673666297	0.000298132940554892	0.000561048297797536
ctransferencias_emitidas_delta1	0.000522943701017832	0.000580352129613657	0.000595549071600606
vm_msaldopesos_rank_lag1	0.000520024525830194	0.000389863382856977	0.000720409014887905
vm_mconsumototal_rank_lag1	0.000516859196606925	0.000385449834800893	0.000828840018268981
Visa_status_delta1	0.000516077966263455	6.06648351584637e-05	1.64289399062236e-05
vmr_mconsumospesos	0.00051535337799559	0.000471440602264758	0.000649764573291144
ccaja_ahorro_lag1	0.000513051949573634	0.00059454750222527	0.000360615230941608
rf_008_013	0.000511198325727149	9.97919607977065e-05	0.000133895860235722
ctransferencias_recibidas_delta1	0.000508470908648098	0.00041399406372422	0.000673586536155168
cplazo_fijo	0.000503516551678004	0.0081116444426955	0.000349114973007252
vmr_mconsumosdolares_tend6	0.000501413900716126	0.000760603663145393	0.000747516765733174
cliente_edad_tend6	0.000493941633508536	0.000796208688785812	0.000736837954794129
vmr_msaldopesos_lag1	0.000488511174134714	0.000410769180193378	0.000543797910896002
Visa_delinquency_tend6	0.000487814604369807	0.000625479587754224	0.000490403856200775
vmr_msaldototal_lag1	0.000487262905353312	0.000309646202765519	0.000526547523994467
vmr_msaldototal_delta1	0.000486375668289316	0.000252636989220547	0.000573370002727204
vmr_mconsumospesos_delta1	0.000485632950595302	0.00052501098704625	0.000708908756953549
vmr_mpagominimo_delta1	0.000485021614903505	0.000670221955981567	0.000795160691461223
vmr_mconsumospesos_lag1	0.000476069930632527	0.00039416728326224	0.00060540643554434
ctransferencias_recibidas_lag1	0.000475877584331968	0.000667902499720551	0.000630871292398987
rf_003_029	0.000471810491249695	0.000914494141074209	0.000124859943287299
ctarjeta_debito_tend6	0.000471501645176165	0.00609613164234138	0.000708087309958238
vm_cconsumos_lag1	0.000470576568996647	0.00100740766772204	0.000499439773149198
cprestamos_personales_delta1	0.000468981010370685	0.00124621337666153	0.00022261213572933
rf_018_013	0.000466057770963306	0.000426356750062976	0.000148681906151324
ctarjeta_debito_transacciones	0.00046272407870532	0.00145271841790363	0.000594727624605295
rf_014_013	0.000459262883238575	2.6798208015614e-05	0.000107609556385765
ctarjeta_debito	0.000454877767421744	0.00114409059789712	0.000648943126295833
vm_cconsumos	0.000449978069635098	0.000364171028352252	0.000468224787327373
cmobile_app_trx	0.000443134520911222	0.00122523581361453	0.000556119615825669
ctarjeta_master_transacciones_tend6	0.000440478751159326	0.000725798329002391	0.000566798426764715
ccajas_transacciones	0.000433329612584756	0.000195206817288959	0.00013882454220759
vm_status05_tend6	0.000427225894072713	0.00031062952243787	0.000161003611080991
cmobile_app_trx_lag1	0.000416853856702519	0.00195078369610703	0.000570905661741271
ctarjeta_debito_transacciones_lag1	0.000415722270809186	0.0004780413218111	0.00060540643554434
internet	0.000412870137374163	0.000398374882425384	0.000331864586105717
ctarjeta_master_debitos_automaticos_tend6	0.000408615627841104	0.00117278477257169	0.000408259156669657
ctransferencias_emitidas_lag1	0.000406727048536004	0.000785240069352812	0.000484653727233597
vm_Finiciomora_tend6	0.000395925745127681	0.00131143276008183	0.000425509543571192
ctarjeta_visa_debitos_automaticos_lag1	0.000394973479399078	0.000427487282924443	0.000474796363289862
ctarjeta_debito_lag1	0.000390327794053877	0.00101794411088179	0.000561869744792848
tcuentas_lag1	0.000384937958561849	0.0019521326901196	0.000215219112771529
vmr_mconsumototal_tend6	0.00038441522793993	0.000320164208321871	0.000488760962210152
ctarjeta_visa_descuentos_tend6	0.000382920571757575	0.00129437124620094	0.000441938483477415
vm_status06_tend6	0.000382849738128119	0.000669445333061264	0.00018071833896846
ctarjeta_visa_debitos_automaticos	0.000380216532312023	0.00096913859535448	0.000469046234322684
vm_status04_delta1	0.000370527084685997	0.000441317786582573	9.03591694842299e-05
thomebanking_delta1	0.000367032877298158	0.00464149217573485	0.000432081119533681
cpayroll_trx_lag1	0.000366390367883111	0.000902251486122358	0.000203718854837173
vmr_mpagado	0.000365061367519943	0.00036608943078446	0.000471510575308618
cforex_sell_tend6	0.000360113207140587	0.000474708343875276	0.000427152437561814
cpagomiscuentas_lag1	0.000358675712245793	0.000447531000055495	0.000427973884557125
rf_018_019	0.000356123914952591	5.07966616397222e-05	3.53222207983808e-05
rf_017_015	0.000352145933551012	6.43652995546502e-05	0.000187289914930949
vmr_msaldopesos_delta1	0.000351816044421295	0.000265997319609963	0.000599656306577162
Visa_status_lag1	0.000349460117596687	6.42470227602692e-05	2.21790688734019e-05
ccaja_ahorro_tend6	0.000343647346477483	0.00304301489580753	0.000305578282255759
ccajas_depositos_tend6	0.000337189852364228	0.00382503410856316	0.000514225819064799
rf_018_015	0.000333850210327905	6.26386942199445e-05	0.00017414676300597
ctarjeta_visa_debitos_automaticos_delta1	0.000332848013578987	0.000334879371777662	0.000317078540190116
cforex_tend6	0.00032337189640279	0.000662874355296388	0.00041729507361808
ctarjeta_master	0.000321756139909471	9.55690592866506e-05	7.22873355873839e-05
cpagomiscuentas_delta1	0.000319727221064228	0.00124068773334739	0.000366365359908787
rf_019_016	0.000319485522397533	0.000104688712129279	3.69651147890031e-05
ccaja_seguridad_lag1	0.000317545010047717	0.000704834342474591	0.000123217049296677
vmr_mpagado_lag1	0.000310214078980118	0.000272535075172136	0.00042468809657588
vmr_msaldodolares_tend6	0.000308672515889214	0.000394390058985119	0.000423045202585258
vmr_msaldodolares2_tend6	0.000304599475978639	0.000470258294541938	0.000407437709674346
Master_fultimo_cierre_delta1	0.000297665501657947	0.000153893872058616	0.000502725561130443
cpagomiscuentas	0.000284568845789342	0.00073683425575515	0.000384437193805633
vmr_mpagado_delta1	0.000283762470962389	0.000434475623599452	0.000492046750191397
vmr_mpagosdolares_tend6	0.000278991449445263	0.000451490856507063	0.000385258640800944
rf_007_013	0.000276473420712104	0.00319696569144982	0.000213576218780907
vmr_mconsumosdolares_lag1	0.00027178553541445	0.000499396266069743	0.000377865617843143
vmr_mconsumototal	0.000269833867303514	0.000414947066338868	0.000367186806904098
Visa_Finiciomora_tend6	0.000268790510426835	0.00101271476359365	0.000283399213382357
cextraccion_autoservicio_delta1	0.000262796847821605	0.000337141674344506	0.00032693590413385
rf_006_019	0.000258583634696185	0.000179074575877921	0.000179896891973149
ctarjeta_master_transacciones_delta1	0.000255050736066529	0.000651452562007486	0.000246434098593354
vm_fultimo_cierre_delta1	0.00025079041958565	0.000176961873896577	0.000497796879158575
cmobile_app_trx_delta1	0.000248027084656815	0.000603449671886402	0.000401687580707167
tcallcenter_delta1	0.000245250033582956	0.00119980055006024	0.000184825573945016
ccuenta_debitos_automaticos	0.000244735018733654	0.000563069508310967	0.000321185775166672
rf_007_015	0.000242958624367551	0.000147571557447297	0.000187289914930949
ccomisiones_otras_delta1	0.000237772065626841	0.000364739056108924	0.000469046234322684
vmr_mconsumosdolares	0.0002368732089879	0.000472207071559474	0.000339257609063518
Visa_fultimo_cierre_delta1	0.000234268505752003	0.000189563271109985	0.000428795331552436
ccajeros_propios_descuentos_tend6	0.000232741219170087	0.000289159666750835	0.000227540817701197
ccaja_ahorro_delta1	0.000229834723444274	0.00254610644058964	0.000174968210001281
rf_019_023	0.000229139906130838	0.000264032866314961	5.66798426764715e-05
rf_020_017	0.000227995763962093	9.37598155204623e-05	0.000203718854837173
ccajas_otras_delta1	0.000227647443922456	0.00133655400910202	0.000181539785963771
rf_015_014	0.000225737459560659	0.000134091598364343	0.000214397665776218
vm_status04_tend6	0.000225486782149002	0.000309816944752738	0.000177432550987215
vmr_mconsumototal_delta1	0.000219707539472652	0.000311447852885375	0.000342543397044762
catm_trx_delta1	0.000219003555385688	0.000186523367653235	0.000293256577326091
rf_001_015	0.000214757690083199	6.10847580478529e-05	0.000133074413240411
cextraccion_autoservicio_lag1	0.000214058563775294	0.00100942484508418	0.000308864070237004
rf_002_023	0.000213922913440244	8.14561237598374e-05	0.000178253997982526
vm_status06_delta1	0.000211407695447339	0.00387540152783845	0.000125681390282611
ccuenta_debitos_automaticos_lag1	0.000208795275041955	0.000380130082852062	0.00027847053141049
rf_002_021	0.000208176548866726	0.00100891897592495	0.000127324284273233
cextraccion_autoservicio	0.0002077009634341	0.000588658658258728	0.000276827637419868
Master_delinquency_tend6	0.000207459120196171	0.00207207252181111	0.000228362264696508
catm_trx_lag1	0.000206549264192881	0.000267811654570851	0.000226719370705886
ccuenta_debitos_automaticos_delta1	0.000206401820877507	0.00194929887937485	0.000244791204602732
rf_013_018	0.000203566219141594	0.000155664543553096	0.000124859943287299
Master_status	0.000203281704547399	0.00505395885228532	0.000172503869015348
vmr_mconsumosdolares_delta1	0.000202638721177051	0.000503230568482528	0.000326114457138539
catm_trx	0.000201350444627612	0.000344784995779449	0.000279291978405801
rf_010_021	0.000198347940813773	7.93885809631184e-05	0.000165932293052858
tcuentas_tend6	0.000198064481681408	0.00217160382494572	0.000230005158687131
Master_cconsumos_delta1	0.000195730264177333	0.000210121716654327	0.000243969757607421
cforex_buy_tend6	0.000195307529136884	0.00100752994268627	0.000186468467935638
rf_009_017	0.000189847963502231	0.00012563003277333	4.76439257280485e-05
ctarjeta_master_transacciones	0.000188759900089231	0.000349180336342624	0.000214397665776218
Master_cconsumos	0.000188399865376083	0.000138326465621134	0.00025054133356991
vmr_msaldodolares	0.000187440201747934	0.0021931673931318	0.000274363296433934
cpagodeservicios_tend6	0.000186793028199181	0.000519732856333185	0.000140467436198212
thomebanking_lag1	0.000183380895309441	0.00129662422929274	0.000262863038499578
rf_003_016	0.000183117668085096	7.75916481084075e-05	0.000175789656996593
Master_cconsumos_lag1	0.000182243982077497	0.000125856461500317	0.000246434098593354
vmr_mconsumototal_lag1	0.000181618068748508	0.00015745333624905	0.000261220144508955
rf_008_016	0.000179299598142507	0.000136327006767095	9.20020634748522e-05
ccheques_depositados_tend6	0.000174517521067756	0.00167613304257237	0.000258755803523022
rf_007_022	0.000172223889876492	0.00171353439702745	9.44664044607858e-05
rf_005_015	0.000171291319770871	0.000190053176353637	0.000189754255916883
rf_002_016	0.000170959848650889	6.48408228923708e-05	0.000150324800141946
vmr_Visa_mlimitecompra_delta1	0.000170371438489039	0.000793263936018704	0.000265327379485511
rf_015_004	0.00016998818024165	0.00201842315160225	0.000109252450376387
ccallcenter_transacciones_lag1	0.0001689965989638	0.000527833838778682	0.000209468983804351
vm_Finiciomora	0.000168945438220569	0.000391068212644486	0.000156896376104435
Visa_status_tend6	0.000167917879836312	0.000203635362023953	0.000155253482113813
cinversion2	0.000166865400057615	0.00257183851791855	0.000192218596902816
rf_004_025	0.00016476606257269	0.000265868572788063	0.000113359685352943
rf_011_018	0.000164724910972679	9.95749953648232e-05	0.000133895860235722
vm_status02_tend6	0.000163851252259738	0.000187880271714064	0.000185647020940327
rf_001_021	0.0001618452598822	4.77634313873237e-05	0.000116645473334188
vmr_Master_mlimitecompra_delta1	0.000158789292367891	0.000287141885348639	0.000224255029719952
rf_013_025	0.000156108404952428	0.000108171261886791	0.000101859427418586
active_quarter	0.000155983717725607	9.26267514435514e-05	0.000162646505071614
rf_020_016	0.000154088076957759	0.000132492646826686	0.000169218081034103
cseguro_vivienda	0.000148883415784694	0.000264144757543108	0.000196325831879372
vmr_msaldodolares2	0.000147818869149146	0.000360005510645863	0.000212754771785596
cseguro_vivienda_lag1	0.00014772668155525	0.00025661344239156	0.000182361232959082
vm_status04_lag1	0.000147120565119438	4.61342778472102e-06	9.03591694842298e-06
cprestamos_prendarios	0.000146131591146672	0.00284275076758918	0.000198790172865306
ctarjeta_master_transacciones_lag1	0.000143149107442042	0.000175256956476016	0.000182361232959082
ccheques_emitidos_tend6	0.000142929768668386	0.00119276682009011	0.00016675374004817
ccajas_transacciones_delta1	0.000140922247676676	0.000152439171037452	0.000124038496291988
rf_004_015	0.000138115767782073	7.47117002094274e-05	0.000178253997982526
vmr_msaldodolares_delta1	0.00013666683860577	0.000220874377387859	0.000193861490893439
rf_015_022	0.000134700684390768	2.60077784656162e-05	5.25726076999156e-05
rf_011_025	0.000134581531768866	6.7736274485945e-05	7.39302295780063e-05
ccheques_emitidos	0.000133760767632196	0.00229177601070946	0.000135538754226345
ccajas_otras	0.00013331484693517	0.000558358858842149	0.000112538238357632
vmr_msaldodolares2_lag1	0.000133156889647502	0.000171095408175664	0.000172503869015348
rf_008_015	0.000133022587659973	7.50511994808475e-05	9.20020634748522e-05
vm_Fvencimiento_delta1	0.000131489355924045	5.12951097354977e-05	0.000165932293052858
vmr_msaldodolares2_delta1	0.00013133576700469	0.000243951123424626	0.000211933324790285
rf_009_021	0.000130265483036279	0.000365840652575657	0.000124859943287299
rf_006_022	0.000129438711431488	0.000233535919731872	0.000115824026338876
Master_Finiciomora_tend6	0.000129379417780743	0.00105051383527536	0.000217683453757463
rf_014_019	0.000128708914818858	8.80083475193781e-05	0.000141288883193523
vmr_msaldodolares_lag1	0.000128095405307101	0.000496815145412209	0.000174968210001281
catm_trx_other_delta1	0.000126555827556296	0.00137041091407646	0.000202897407841862
internet_delta1	0.000126454551442937	0.000599097908498199	0.000248076992583977
rf_019_017	0.000124323484491216	0.000114752278222006	0.000106788109390453
rf_015_017	0.000123483468637537	0.000358371841187287	0.000193861490893439
Master_Fvencimiento_delta1	0.000121329551805698	0.000131891943379737	0.00018071833896846
cplazo_fijo_delta1	0.000119544006346185	0.000285126951563817	9.93950864326528e-05
vm_Finiciomora_lag1	0.000119366297935811	0.00031212121372109	0.000116645473334188
rf_012_018	0.000119102419271533	5.22500395255404e-05	8.05018055404957e-05
Visa_Fvencimiento_delta1	0.00011825965464591	0.000166124388681862	0.000195504384884061
rf_004_021	0.000116640626822061	0.000128266207366771	0.000119109814320121
rf_006_023	0.000116436823866618	2.64725153738882e-05	6.98229946014504e-05
rf_011_023	0.000115962109077129	3.59708437996941e-05	6.40728656342721e-05
Master_status_tend6	0.000115074627746357	7.74779447601127e-05	0.000111716791362321
ctarjeta_master_descuentos_tend6	0.000113952003016952	0.000816027012687105	0.000185647020940327
cseguro_vida_tend6	0.000111920836815785	0.00209018569818135	0.000243148310612109
ctarjeta_master_debitos_automaticos	0.000111159650691708	0.000234761919684913	0.000124859943287299
rf_008_017	0.000110543851146208	0.000199611592382425	5.42155016905379e-05
cseguro_accidentes_personales_lag1	0.000107825859363355	0.000158096322499438	0.000188932808921572
catm_trx_other_lag1	0.000107417797121182	0.000423541348157817	0.000138003095212278
rf_004_019	0.00010691868919468	0.000163364673516469	7.31087825826951e-05
rf_013_021	0.000106702831616238	7.0388700633088e-05	0.000133895860235722
Visa_Finiciomora	0.000105895579038713	0.00122767147567548	0.000142110330188834
rf_003_027	0.000105328848259429	4.29997989770537e-05	8.6251934507674e-05
ctarjeta_master_debitos_automaticos_lag1	0.000105304037155257	0.000220749743791056	0.000126502837277922
Visa_Finiciomora_lag1	0.000104849273803641	0.00117332294349165	0.000135538754226345
vm_status02_delta1	0.000104816331786647	2.12797844182445e-05	2.7107750845269e-05
rf_020_013	0.000104582538966621	0.000152871663712626	0.000185647020940327
ccajas_extracciones	0.000104446107380344	0.000266617122227988	0.000136360201221656
cseguro_accidentes_personales	0.000103967729112807	0.000155792024767274	0.00016675374004817
vm_status06	0.00010380309066093	3.24147162114365e-05	2.7107750845269e-05
Master_Finiciomora	0.00010264442727294	0.000438680518964282	9.28235104701634e-05
ctarjeta_master_debitos_automaticos_delta1	0.000102556933242763	0.000276535661181302	9.1180616479541e-05
cpayroll2_trx_tend6	0.00010223238926127	0.00044468062135511	7.39302295780063e-05
vmr_mpagosdolares_delta1	0.000102074632941294	0.000571646934536164	0.00014621756516539
cpayroll_trx_delta1	0.000100796778410982	0.000377311459399974	0.000142931777184145
rf_011_019	0.000100498683349912	8.2785874782268e-05	4.92868197186708e-05
vmr_mpagosdolares_lag1	9.92837519624319e-05	0.000290514586108645	0.000134717307231034
rf_009_022	9.88889856846216e-05	0.000471301960691578	0.000156074929109124
rf_003_023	9.88237970070102e-05	5.57411033713636e-05	0.000133895860235722
rf_006_020	9.84772635610983e-05	0.000101785350487442	0.000174968210001281
rf_005_014	9.66525523007852e-05	0.000556696540626957	0.000115824026338876
rf_020_019	9.64620884485878e-05	5.47513118413428e-05	0.000128967178263855
tcuentas	9.58788866490849e-05	0.00027817353015641	8.87162754936075e-05
rf_009_015	9.41175658034142e-05	0.000271256955192	0.000109252450376387
Master_status_lag1	9.37322978400442e-05	3.10794137733163e-05	2.38219628640242e-05
rf_020_023	9.29304289663291e-05	7.13702944767279e-05	0.000110895344367009
rf_016_015	9.06293946924453e-05	6.32663781224209e-05	9.44664044607858e-05
catm_trx_other	9.0199960775856e-05	0.000807023479352968	0.000179896891973149
rf_014_021	8.85225336247765e-05	8.48369071509775e-05	0.000128967178263855
ctarjeta_visa_descuentos_lag1	8.83331831547249e-05	0.000192411118594926	6.48943126295833e-05
ccaja_seguridad_tend6	8.61174113836897e-05	0.00125227411316777	9.69307454467193e-05
rf_015_013	8.58162545148806e-05	0.000155571233747412	0.000122395602301366
Master_fechaalta_delta1	8.5759223351198e-05	5.04587443779546e-05	0.00014621756516539
ccheques_depositados_lag1	8.56282885097605e-05	0.000393285816247695	9.36449574654746e-05
cinversion2_lag1	8.52676082704233e-05	0.00240044666989782	0.00014621756516539
rf_007_016	8.50887796557043e-05	6.54274320715067e-05	9.61092984514081e-05
cseguro_vida	8.49776525170748e-05	0.000930553955206975	0.000161003611080991
rf_017_013	8.48603471873266e-05	0.000278160586441072	0.000101037980423275
rf_005_013	8.42475391781765e-05	0.000184766330205578	0.00013882454220759
ccheques_depositados_rechazados_tend6	8.40161713784456e-05	0.000304772692593932	6.07870776530274e-05
rf_006_015	8.36820012541901e-05	0.000178632102160031	0.000120752708310744
cseguro_vivienda_tend6	8.3062611915082e-05	0.00025554785821728	0.000100216533427964
rf_002_024	8.2606434688057e-05	6.88954273402157e-05	0.000114181132348254
rf_013_026	8.1836010180804e-05	0.00032522934300809	6.65372066202056e-05
active_quarter_lag1	7.99922832492344e-05	4.67217499407019e-05	0.000133074413240411
rf_003_020	7.92164189445327e-05	8.59981309997023e-05	0.000143753224179457
ccajas_extracciones_delta1	7.88853005217055e-05	0.000118186447247964	9.1180616479541e-05
rf_001_026	7.86822770201159e-05	6.87210035850779e-05	6.73586536155168e-05
rf_016_021	7.86238318344992e-05	0.000299397714126323	0.000119109814320121
rf_006_021	7.85433134933485e-05	6.9033407345723e-05	0.000127324284273233
rf_010_017	7.77585641922688e-05	2.97052801891809e-05	0.000105966662395142
rf_012_014	7.76818020931036e-05	9.67052586190546e-05	0.000110895344367009
ctarjeta_visa	7.70927744636061e-05	0.00011952986108103	4.92868197186708e-05
rf_019_021	7.59718262271646e-05	3.04870518318078e-05	0.000110073897371698
rf_004_017	7.59543028319068e-05	0.000105398257840318	0.000119931261315432
rf_011_017	7.57576411933276e-05	6.43372260742718e-05	0.000110073897371698
rf_014_015	7.52386945456736e-05	4.21193962235482e-05	8.95377224889187e-05
rf_001_017	7.48948180338062e-05	5.47550799006969e-05	8.46090405170516e-05
rf_001_022	7.39095518755693e-05	5.23835611402089e-05	9.52878514560969e-05
vm_status03_tend6	7.38935506473897e-05	0.000283479274128864	0.000133074413240411
rf_005_021	7.36120488219801e-05	3.97596418621122e-05	7.55731235686286e-05
vm_fechaalta_delta1	7.34574752572554e-05	5.25062387978049e-05	0.000134717307231034
cinversion1_tend6	7.27502108235958e-05	0.000201510866879745	6.40728656342721e-05
ccajas_consultas_lag1	7.25311941019007e-05	0.000148267181473394	8.78948284982963e-05
vm_status01_delta1	7.20783975207954e-05	4.74877877782398e-05	2.87506448358913e-05
cseguro_vida_lag1	7.13556701132895e-05	0.00080901295716429	0.000140467436198212
ctarjeta_visa_descuentos_delta1	7.09159720415458e-05	0.000502921357505	7.88589115498733e-05
rf_015_019	6.98893327474186e-05	9.93733898074748e-05	0.000100216533427964
cprestamos_hipotecarios	6.8982130888339e-05	0.00271221946756581	0.000110895344367009
rf_016_022	6.81319762071367e-05	5.02974369210264e-05	0.000120752708310744
cseguro_accidentes_personales_tend6	6.80284141705462e-05	0.00025176875355946	9.28235104701634e-05
rf_010_010	6.78577945937716e-05	0.000163298660568243	7.39302295780063e-05
rf_017_012	6.76510325914314e-05	6.55426599018302e-06	1.06788109390453e-05
rf_003_017	6.6946333107392e-05	8.11051477274839e-05	6.16085246483385e-05
rf_018_017	6.67521372132615e-05	7.04564969376493e-05	8.37875935217404e-05
rf_010_016	6.67377433983927e-05	4.71385951022218e-05	7.31087825826951e-05
rf_007_006	6.61340914117499e-05	3.45892028606624e-05	1.88932808921572e-05
rf_010_023	6.47093048715379e-05	9.98894701199223e-05	9.1180616479541e-05
rf_007_020	6.4633490501282e-05	3.58869109966776e-05	6.8180100610828e-05
cprestamos_prendarios_lag1	6.32878562349556e-05	0.00306872344433833	0.000124038496291988
vmr_mpagosdolares	6.28374649440793e-05	0.000103660981131411	8.54304875123628e-05
rf_017_016	6.28275045682534e-05	4.28525857879384e-05	6.98229946014504e-05
rf_008_009	6.25046287473407e-05	0.000114857525009613	3.28578798124472e-05
rf_008_020	6.19503735121568e-05	5.89325921166328e-05	7.14658885920727e-05
cliente_edad_delta1	6.1903721738624e-05	3.82437602131154e-05	0.000120752708310744
ccajas_depositos_delta1	6.15047510128371e-05	0.000535197892364246	7.31087825826951e-05
rf_009_019	6.12701122244674e-05	1.72819597350174e-05	2.62863038499578e-05
rf_013_020	6.10413368741497e-05	4.93686821997791e-05	4.35366907514926e-05
ccajeros_propios_descuentos_delta1	6.09839045448296e-05	0.000166455230045911	5.50369486858491e-05
rf_012_019	6.09125447464144e-05	8.47898207909576e-05	7.80374645545621e-05
rf_014_017	6.03793166274623e-05	7.19002677103053e-05	0.000115002579343565
rf_005_017	6.00819292855629e-05	3.29989379941877e-05	9.20020634748522e-05
ctarjeta_master_descuentos_delta1	6.00237275051551e-05	8.81914579456985e-05	5.0108266713982e-05
rf_012_017	5.96679900898815e-05	3.54148968440043e-05	9.36449574654746e-05
rf_002_012	5.95708775889865e-05	8.16718523488105e-05	2.46434098593354e-05
vm_Finiciomora_delta1	5.94586086326123e-05	0.000322844851768452	3.61436677936919e-05
vm_status01_lag1	5.89476557934549e-05	0.000590748435482017	4.18937967608702e-05
tcallcenter_lag1	5.88796585441575e-05	2.93950337144256e-05	6.65372066202056e-05
rf_019_013	5.85421700060376e-05	8.27430454664039e-05	4.84653727233597e-05
rf_009_026	5.75165652070041e-05	0.000286372021924123	9.03591694842299e-05
cseguro_auto_tend6	5.57336419023858e-05	0.000366154523290707	7.47516765733174e-05
cforex_sell	5.55603663586309e-05	9.96740004052559e-05	6.73586536155168e-05
rf_002_017	5.53578251701218e-05	4.45841960259083e-05	8.87162754936075e-05
Visa_fechaalta_delta1	5.50998227521253e-05	7.32283504316479e-05	0.000105966662395142
rf_005_020	5.50047202895666e-05	9.09894289808687e-05	8.21446995311181e-05
cforex_sell_lag1	5.48323781055126e-05	0.000125773564194527	6.16085246483385e-05
rf_011_021	5.42893579190022e-05	0.000108089687716347	1.31431519249789e-05
rf_012_015	5.42607271099802e-05	5.25319824094224e-05	4.43581377468037e-05
ccheques_depositados	5.35048715675995e-05	0.00024046897636048	5.17511607046044e-05
rf_002_019	5.34825189441483e-05	7.24235102119068e-05	7.55731235686286e-05
rf_013_022	5.31015726877476e-05	3.27324988048999e-05	7.47516765733174e-05
rf_017_017	5.26599638570784e-05	8.16690334952479e-05	6.98229946014504e-05
vm_status06_lag1	5.21219861120265e-05	3.4085692333999e-06	5.75012896717826e-06
rf_008_019	5.18935064567702e-05	4.34673835027001e-05	9.61092984514081e-05
ccajas_extracciones_lag1	5.12848408217885e-05	0.000331920611034177	7.88589115498733e-05
Master_Finiciomora_lag1	5.11824668168958e-05	0.00133214845738563	6.90015476061392e-05
cprestamos_prendarios_tend6	4.91724248584322e-05	0.000970970505004417	8.29661465264292e-05
rf_013_027	4.83672689389031e-05	0.000178635611345079	5.17511607046044e-05
rf_012_020	4.82386665824026e-05	3.32733735231735e-05	5.33940546952267e-05
rf_007_021	4.8073812023882e-05	2.25806565735646e-05	6.07870776530274e-05
rf_020_020	4.79641681411783e-05	0.000185413918665863	2.54648568546466e-05
cprestamos_hipotecarios_lag1	4.78755989503645e-05	0.00375162771013608	0.000121574155306055
rf_010_019	4.76802320819881e-05	5.90583762659101e-05	0.000125681390282611
ctarjeta_master_tend6	4.73050195324473e-05	5.12690209581378e-05	4.76439257280485e-05
cforex	4.71220236206514e-05	4.52194448109046e-05	5.66798426764715e-05
rf_007_018	4.66292638502441e-05	3.10743801062402e-05	4.60010317374261e-05
rf_017_019	4.62421338054736e-05	2.33102218976601e-05	7.31087825826951e-05
rf_007_019	4.60644636244228e-05	4.39682765224839e-05	8.70733815029851e-05
rf_008_018	4.58978008626841e-05	3.19881488815069e-05	2.87506448358913e-05
Visa_delinquency_lag1	4.54673479611502e-05	4.18508285121825e-05	2.54648568546466e-05
cforex_lag1	4.53956794797065e-05	8.6880173290484e-05	5.09297137092932e-05
rf_001_023	4.499651418839e-05	0.000257236869249881	9.20020634748522e-05
rf_017_014	4.49589320208862e-05	0.000105198924624106	8.29661465264292e-05
ccheques_emitidos_rechazados_tend6	4.49431577167949e-05	0.000191237324960417	4.1072349765559e-05
rf_002_026	4.41934394929007e-05	0.000162654667584441	4.84653727233597e-05
ccajeros_propios_descuentos_lag1	4.41798054252639e-05	1.25259209710792e-05	2.54648568546466e-05
rf_004_022	4.38961258393499e-05	6.45374222048389e-05	7.06444415967615e-05
rf_020_015	4.37296432485346e-05	5.53043248882226e-05	5.75012896717826e-05
rf_010_027	4.28896616426093e-05	0.00013540446502921	2.21790688734019e-05
ccajas_otras_lag1	4.25947095875162e-05	6.65271876542801e-05	3.77865617843143e-05
rf_009_016	4.24196871035804e-05	5.78580048692396e-05	0.000116645473334188
cinversion2_tend6	4.21147601901404e-05	0.00245408953948521	9.1180616479541e-05
rf_019_022	4.13351017501606e-05	2.02712964105127e-05	6.57157596248945e-05
cforex_buy	4.11350945788886e-05	0.000629222018551919	4.1072349765559e-05
cseguro_auto_lag1	4.08500491191224e-05	0.000249661142772816	5.75012896717826e-05
vm_status05	4.08264881927419e-05	0.000120782668906727	2.87506448358913e-05
rf_001_019	4.05619750326691e-05	2.49299121436707e-05	8.87162754936075e-05
cplazo_fijo_lag1	4.04219480672561e-05	0.000236733046184267	6.40728656342721e-05
rf_020_022	3.95887470827349e-05	4.91976238106293e-05	4.1072349765559e-05
cseguro_auto	3.93857708442168e-05	0.000202620545977611	4.68224787327373e-05
rf_004_023	3.9199495072188e-05	3.57188152801497e-05	6.07870776530274e-05
ctarjeta_debito_delta1	3.88606469471108e-05	0.000920112777792109	8.29661465264292e-05
rf_003_024	3.86600400416115e-05	2.39442626025582e-05	5.58583956811603e-05
rf_014_022	3.7986027745872e-05	2.68489473797404e-05	4.76439257280485e-05
rf_006_024	3.79478304043239e-05	3.57050661780791e-05	7.7216017559251e-05
cforex_sell_delta1	3.73233142996545e-05	4.15006866303731e-05	4.1072349765559e-05
cpagodeservicios_lag1	3.68271658205507e-05	2.29877220390511e-05	1.97147278874683e-05
rf_015_018	3.67337428752289e-05	7.78432451707739e-05	3.36793268077584e-05
rf_004_026	3.67023876974963e-05	0.000213210029606443	7.31087825826951e-05
rf_010_025	3.56488025838005e-05	4.66639922064809e-05	7.96803585451845e-05
rf_018_016	3.5408926815794e-05	6.72785847115796e-05	1.64289399062236e-05
rf_005_016	3.47239051490308e-05	2.96791051203855e-05	7.22873355873839e-05
rf_012_008	3.45112363353147e-05	7.47549034548458e-05	5.9144183662405e-05
active_quarter_delta1	3.35974142136344e-05	2.60144229061566e-05	6.24299716436497e-05
Visa_cadelantosefectivo_tend6	3.35812003973626e-05	0.000481608667285984	4.35366907514926e-05
rf_003_028	3.33032276163371e-05	0.000451218980957333	7.7216017559251e-05
ccheques_depositados_delta1	3.32800562430075e-05	0.000344075766470341	5.50369486858491e-05
ccajas_transacciones_lag1	3.32635353535274e-05	2.12797268906208e-05	6.16085246483385e-05
ccajas_depositos_lag1	3.31286297537446e-05	0.000288177957851947	3.94294557749367e-05
Master_status_delta1	3.23676344343917e-05	2.64863507673943e-05	2.13576218780907e-05
rf_001_024	3.2122359647793e-05	0.000135431675595233	8.87162754936075e-05
rf_006_010	3.19738530031783e-05	0.00020981267825967	7.96803585451845e-05
rf_010_015	3.18550638861073e-05	6.25719046487984e-05	6.98229946014504e-05
rf_016_016	3.15635573288543e-05	7.34154302640054e-05	7.7216017559251e-05
cseguro_vivienda_delta1	3.12244550006599e-05	5.63511838209798e-05	1.88932808921572e-05
cforex_buy_delta1	3.03952186595115e-05	0.00011226452489778	2.62863038499578e-05
Master_cadelantosefectivo_tend6	3.02997068493649e-05	2.65667168577398e-05	3.2036432817136e-05
rf_013_017	2.97734145392683e-05	4.66334162744704e-05	5.9144183662405e-05
rf_003_025	2.94760161239938e-05	4.3105822387581e-05	1.06788109390453e-05
rf_009_024	2.92134603880965e-05	5.64518571625006e-05	5.66798426764715e-05
rf_002_020	2.90380867406335e-05	5.01755071225388e-05	4.18937967608702e-05
rf_003_021	2.89603892480017e-05	5.86155861460897e-05	5.09297137092932e-05
ccajeros_propios_descuentos	2.84969377122526e-05	5.82329123930631e-06	1.72503869015348e-05
rf_014_020	2.81868526515253e-05	3.81074197448844e-05	4.27152437561814e-05
Visa_Finiciomora_delta1	2.8083621972203e-05	0.000316128444170797	2.05361748827795e-05
rf_005_022	2.80199189203135e-05	7.13156144703761e-05	5.0108266713982e-05
rf_016_023	2.74847055452697e-05	7.0143316554084e-05	4.68224787327373e-05
rf_006_017	2.74320522681565e-05	5.01053234215928e-05	7.14658885920727e-05
rf_016_018	2.74175787906305e-05	0.00019358220843112	1.97147278874683e-05
rf_007_010	2.71934225986887e-05	6.27255896955829e-05	3.2036432817136e-05
ctarjeta_master_descuentos_lag1	2.68110597473766e-05	3.13894301375767e-05	1.97147278874683e-05
rf_013_008	2.67078618583731e-05	0.000119582412565304	4.84653727233597e-05
rf_019_025	2.62937570954166e-05	3.74774059736471e-05	3.28578798124472e-05
cinversion1	2.58133559266103e-05	0.00179331244000319	7.63945705639398e-05
rf_012_006	2.46219063225284e-05	2.49185216741729e-05	9.03591694842298e-06
rf_010_022	2.41208017754637e-05	0.000294368304094439	4.60010317374261e-05
rf_010_026	2.34098506874238e-05	3.63116086788361e-05	3.86080087796255e-05
Visa_delinquency_delta1	2.33925328665997e-05	5.15872350087792e-05	4.02509027702479e-05
cforex_delta1	2.33740831194385e-05	3.50716870408539e-05	3.86080087796255e-05
rf_011_024	2.3279582452224e-05	0.000111680044240722	2.87506448358913e-05
rf_008_022	2.30238231897713e-05	2.3029976078678e-05	3.03935388265137e-05
rf_014_010	2.3011903146962e-05	1.18277082019145e-05	1.8071833896846e-05
rf_020_004	2.27041062600885e-05	7.18641115987934e-05	3.28578798124472e-05
rf_003_026	2.21534999540075e-05	4.96525522590559e-05	4.51795847421149e-05
ctarjeta_visa_tend6	2.172736317196e-05	3.11455993044133e-05	3.12149858218249e-05
rf_016_014	2.12951558320776e-05	1.99515003502189e-05	1.97147278874683e-05
rf_001_020	2.06010967908559e-05	6.56440811024595e-05	4.76439257280485e-05
rf_008_006	2.02715950749255e-05	1.69815792477311e-05	9.85736394373417e-06
rf_016_012	2.02287071001557e-05	1.91960188316348e-05	2.79291978405801e-05
rf_017_004	2.00162836492212e-05	0.000210273359470469	6.90015476061392e-05
rf_013_016	1.98069437112474e-05	9.31967926670541e-05	5.33940546952267e-05
rf_010_024	1.98061771359551e-05	3.72320218946431e-05	1.64289399062236e-05
vm_status03_delta1	1.87411684546504e-05	0.000201133169266171	3.12149858218249e-05
rf_017_008	1.86110572902353e-05	5.08793575988286e-05	3.12149858218249e-05
cinversion1_lag1	1.80232814639791e-05	9.17178725163015e-05	2.54648568546466e-05
rf_019_009	1.76476212124928e-05	1.18242277806791e-05	1.8071833896846e-05
rf_005_019	1.72994399123979e-05	3.32399212099767e-05	4.27152437561814e-05
rf_013_023	1.71958561471416e-05	5.16330557610771e-06	7.39302295780063e-06
rf_017_018	1.69163117791199e-05	5.83318023782484e-05	2.05361748827795e-05
ccheques_emitidos_delta1	1.67534671749281e-05	0.000111674406533596	1.97147278874683e-05
rf_009_023	1.6494037346529e-05	4.55512066169335e-05	3.2036432817136e-05
ccheques_emitidos_lag1	1.63690560579103e-05	0.000203235487511432	2.62863038499578e-05
ctarjeta_visa_lag1	1.63286107000991e-05	2.1392509796936e-05	1.47860459156013e-05
rf_019_019	1.62956815265009e-05	4.12594157764655e-05	3.12149858218249e-05
ctarjeta_visa_descuentos	1.60769851902896e-05	0.000126672203204754	2.62863038499578e-05
rf_016_020	1.59190488341925e-05	1.67869345328536e-05	2.46434098593354e-05
vm_status02_lag1	1.55326539966639e-05	4.03443813934769e-05	1.64289399062236e-05
rf_014_018	1.51548319402579e-05	1.04432771731321e-05	2.21790688734019e-05
rf_009_020	1.49409979175623e-05	1.95253644774672e-05	2.46434098593354e-05
rf_001_016	1.42999962339599e-05	9.04331368594366e-06	2.46434098593354e-05
Master_delinquency_lag1	1.40790945651655e-05	2.77741066245049e-05	1.39645989202901e-05
rf_019_018	1.40298590457985e-05	0.000162690449766398	2.7107750845269e-05
cseguro_vida_delta1	1.37557674123972e-05	2.9623101978688e-05	1.64289399062236e-05
Master_delinquency	1.37285685619106e-05	1.31058281820509e-05	1.15002579343565e-05
rf_002_018	1.35754945662172e-05	2.82424677730716e-05	3.2036432817136e-05
ccajas_depositos	1.33387102508672e-05	3.69285349156757e-05	3.12149858218249e-05
rf_015_016	1.32556366151103e-05	7.90412866986835e-05	2.7107750845269e-05
ccheques_depositados_rechazados_lag1	1.19346558429599e-05	1.24236080922821e-05	9.03591694842298e-06
rf_011_012	1.18589333770282e-05	4.00567720386579e-06	8.21446995311181e-06
rf_004_018	1.14604995692674e-05	1.22427987709108e-05	2.62863038499578e-05
rf_010_018	1.13051766547175e-05	3.51803567220726e-05	1.64289399062236e-05
Visa_delinquency	1.12225254951794e-05	0.000120493304959384	2.38219628640242e-05
cseguro_accidentes_personales_delta1	1.05925549991815e-05	0.000107912790273389	1.15002579343565e-05
vm_cadelantosefectivo_tend6	1.05123350120306e-05	2.93979388594238e-05	1.15002579343565e-05
vmr_madelantopesos_tend6	1.02110633497544e-05	0.000139413047378074	1.39645989202901e-05
ccheques_depositados_rechazados_delta1	9.96745115774356e-06	8.42333848504661e-06	9.03591694842298e-06
rf_018_018	9.87977877745977e-06	4.83683631146164e-06	8.21446995311181e-06
rf_020_018	9.82220157604126e-06	3.38831950984828e-05	2.38219628640242e-05
cforex_buy_lag1	9.7982294265542e-06	3.46098552775801e-05	9.03591694842298e-06
vmr_madelantopesos_delta1	9.6902446472385e-06	3.59222617214573e-05	6.57157596248944e-06
rf_001_018	9.64385393028092e-06	3.63943046379425e-05	1.88932808921572e-05
rf_001_010	9.56079648650222e-06	1.30502277337196e-05	1.31431519249789e-05
cinversion2_delta1	9.52436624305384e-06	2.92556155183252e-05	8.21446995311181e-06
rf_004_027	9.43872030212681e-06	1.05415631182683e-05	6.57157596248944e-06
rf_005_003	9.41902249494701e-06	0.000227238313234944	3.12149858218249e-05
rf_007_014	9.2606837853839e-06	7.43711366769685e-06	8.21446995311181e-06
cprestamos_prendarios_delta1	9.25111718252591e-06	3.38793407476932e-05	1.06788109390453e-05
rf_014_014	8.89908378971738e-06	1.56813686600839e-05	1.15002579343565e-05
rf_011_020	8.66217206412971e-06	2.8400582446883e-05	4.92868197186708e-06
cinversion1_delta1	8.07330922630227e-06	0.000376964308954598	1.23217049296677e-05
rf_011_026	7.94205728153881e-06	1.61698644769547e-05	1.23217049296677e-05
rf_019_026	7.70640767845273e-06	2.68555342926571e-05	1.23217049296677e-05
ctarjeta_master_delta1	7.63253112929454e-06	2.95777989750037e-05	9.85736394373417e-06
rf_002_022	7.55065347274603e-06	6.75151670641535e-05	2.13576218780907e-05
rf_004_010	7.50208284429854e-06	3.14408598331879e-06	3.28578798124472e-06
rf_016_024	7.23713632218369e-06	1.29437153383905e-05	1.47860459156013e-05
ccaja_seguridad_delta1	7.23455107593446e-06	0.000680683469411421	2.30005158687131e-05
rf_018_022	7.21790993835377e-06	5.60514649013664e-06	9.03591694842298e-06
rf_004_024	6.99286471733084e-06	7.86839826277202e-06	1.15002579343565e-05
rf_018_020	6.88933870632892e-06	8.29752557195746e-06	2.46434098593354e-06
Master_delinquency_delta1	6.71560548912069e-06	3.06150220307867e-05	9.03591694842298e-06
rf_004_020	6.64545086386289e-06	3.28900957300978e-05	2.46434098593354e-06
ctarjeta_master_lag1	6.33330915034456e-06	0.0012031103443637	3.28578798124472e-05
rf_001_014	6.32454409924915e-06	3.21203761246415e-05	1.97147278874683e-05
vm_status05_lag1	6.20711108575007e-06	1.18063079258884e-05	7.39302295780063e-06
vmr_madelantopesos	6.16132153114918e-06	7.54791187099347e-06	3.28578798124472e-06
rf_009_025	6.16088328494382e-06	9.31662742626674e-06	1.64289399062236e-05
rf_020_014	5.63877579630196e-06	0.000165714705709496	1.97147278874683e-05
cseguro_auto_delta1	5.41635574272547e-06	2.67258670287783e-05	6.57157596248944e-06
rf_011_016	4.82713412207604e-06	0.000126854421952907	1.39645989202901e-05
vm_status03	4.76972075112423e-06	2.94187638592126e-06	9.85736394373417e-06
ctarjeta_visa_delta1	4.65855218892881e-06	1.94484500445453e-05	9.03591694842298e-06
Master_cadelantosefectivo_delta1	4.63957787872092e-06	1.15202805807218e-05	4.92868197186708e-06
rf_014_006	4.5740558862687e-06	1.83302280945558e-05	5.75012896717826e-06
vm_cadelantosefectivo_delta1	4.34459461187061e-06	5.48837116673486e-05	4.92868197186708e-06
rf_018_014	4.34301857833218e-06	0.000421985887503697	1.88932808921572e-05
rf_003_019	4.17169897787451e-06	0.000217026182053943	1.15002579343565e-05
ccheques_emitidos_rechazados	4.12154464189121e-06	4.75074622255541e-06	3.28578798124472e-06
rf_006_014	3.98318370365608e-06	9.74874617188594e-06	5.75012896717826e-06
rf_011_010	3.92779015304291e-06	1.24558523253807e-05	4.92868197186708e-06
cpagodeservicios_delta1	3.92363434351816e-06	7.80097588776493e-06	4.92868197186708e-06
rf_005_018	3.84212206536577e-06	8.47784590852717e-07	3.28578798124472e-06
cprestamos_hipotecarios_tend6	3.73682687365689e-06	0.000203548495312126	1.47860459156013e-05
rf_006_016	3.63763345935485e-06	0.000596423708145476	2.05361748827795e-05
cliente_antiguedad_tend6	3.62864001892212e-06	3.71567757628093e-05	4.1072349765559e-06
cpagodeservicios	3.53177737814626e-06	3.3737995376198e-05	8.21446995311181e-06
vm_cadelantosefectivo_lag1	3.17856144343943e-06	0.000227145837579804	7.39302295780063e-06
rf_016_008	3.02693307021675e-06	3.40205423001291e-05	1.15002579343565e-05
rf_006_018	2.8632834855797e-06	0.000216959795176163	1.56074929109124e-05
rf_003_030	2.59311142449224e-06	3.39013162999566e-06	8.21446995311181e-07
ctarjeta_master_descuentos	2.39279267095241e-06	3.4839706898178e-05	7.39302295780063e-06
Visa_cadelantosefectivo_lag1	2.14494513570146e-06	9.30355427377497e-05	4.92868197186708e-06
Visa_cadelantosefectivo_delta1	2.00449756958828e-06	7.45356656808253e-06	2.46434098593354e-06
rf_002_008	1.93033881347412e-06	5.27329839267217e-06	4.1072349765559e-06
tcuentas_delta1	1.82156961017973e-06	2.02150919221323e-05	8.21446995311181e-06
Visa_cadelantosefectivo	1.44751233718398e-06	1.68305692354499e-06	8.21446995311181e-07
Master_cadelantosefectivo_lag1	1.24798118428265e-06	1.84603268156126e-06	1.64289399062236e-06
cpayroll2_trx_lag1	9.85365521655255e-07	3.11339499606087e-07	8.21446995311181e-07
vm_status03_lag1	9.22748195825321e-07	3.9765969900722e-07	2.46434098593354e-06
rf_005_008	8.58068229220185e-07	7.53706791392108e-06	4.92868197186708e-06
vmr_madelantopesos_lag1	8.48212360813407e-07	0.000171679313556485	4.92868197186708e-06
ccheques_emitidos_rechazados_delta1	7.70395192504847e-07	3.94984664503953e-07	8.21446995311181e-07
rf_014_016	4.32885199232349e-07	1.35477553875154e-07	1.64289399062236e-06
rf_006_012	2.51396884078661e-07	7.88991359404561e-07	2.46434098593354e-06
rf_009_014	2.49084389045242e-07	1.96169196906274e-07	8.21446995311181e-07
rf_019_020	2.18778976254508e-07	4.98074166221268e-07	2.46434098593354e-06
ccheques_emitidos_rechazados_lag1	1.53961159024149e-07	2.86199928037746e-08	8.21446995311181e-07
ccuenta_corriente_lag1	9.52466391522451e-08	2.19188012625949e-05	8.21446995311181e-07
rf_016_019	8.00526557159244e-08	1.23224170021478e-07	8.21446995311181e-07
Master_Finiciomora_delta1	5.63136996292104e-08	1.76897442958004e-08	8.21446995311181e-07
cpayroll2_trx_delta1	3.74757161875887e-08	3.50709679455573e-05	8.21446995311181e-07
rf_015_020	3.69234267226386e-08	2.43025446431248e-07	8.21446995311181e-07
Master_cadelantosefectivo	3.45553147447907e-08	5.25227204620025e-08	8.21446995311181e-07
