Feature	Gain	Cover	Frequency
ctrx_quarter_normalizado	0.0468309652028337	0.00465124121805059	0.00102598729714366
rf_019_015	0.0408840688516283	0.000789276301959412	0.000157717823099747
rf_001_025	0.020769495778212	0.00281955206402337	0.000148681906151324
ctrx_quarter	0.0183282799294716	0.00274295919248532	0.00107445266986702
rf_011_015	0.0179588075152632	0.000223085525898969	0.000112538238357632
rf_016_017	0.0161030603239679	0.00184279501445394	0.000124859943287299
rf_009_018	0.00947843804043141	0.00651216533517124	0.000161825058076303
cpayroll_trx	0.00939672597678855	0.00278244984393955	0.000251362780565221
mprestamos_personales_rank	0.00786465598633921	0.0132360479127609	0.00326607325335725
ccomisiones_mantenimiento_tend6	0.0070833357126291	0.00481582698513528	0.00113688264151067
rf_018_021	0.00699406368957958	0.00223386757385302	0.000134717307231034
rf_014_013	0.00692747077627418	8.39458047815126e-05	0.000105966662395142
mcuentas_saldo_rank	0.0064762121940364	0.00980060591004026	0.00272063244847063
mpayroll_sobre_edad_rank	0.00616532958423276	0.00504928880183839	0.00221051386438239
rf_012_013	0.00541383299594145	7.32343016252265e-05	0.000106788109390453
mprestamos_personales_rank_lag1	0.0053194208207114	0.00229375631320439	0.00268859601565349
rf_013_015	0.00525980686313612	0.000763719742295883	0.000151967694132568
rf_015_015	0.00512744429264984	0.00255459315009396	0.000174968210001281
mpasivos_margen_rank	0.00503315182508561	0.00251041406420053	0.0016240007097302
rf_008_021	0.00495074614627111	0.00130700813748931	0.000169218081034103
cprestamos_personales	0.00455325080826809	0.00589593154075405	0.000628406951413053
mpayroll_rank	0.00405936059140813	0.00430926116671585	0.00209961852001538
foto_mes	0.00405352914308126	0.0113724590077601	0.00163550096766456
rf_002_015	0.00376390537704477	0.00314348742283871	0.000282577766387046
rf_007_017	0.00359759712963711	0.00472013811003758	0.000256291462537088
mcaja_ahorro_rank	0.00339689947613692	0.00321740241136079	0.00171846711419099
mrentabilidad_annual_rank_lag1	0.00334845354738677	0.00296821356774133	0.00238876786236491
mactivos_margen_rank	0.0032077380321927	0.00627313374958669	0.00237973194541649
mcuenta_corriente_rank_tend6	0.00304685895456556	0.00509454998534978	0.00314367765105589
cliente_edad	0.00302770791942351	0.00434025637045664	0.00359875928645828
mcuenta_corriente_rank	0.00297346396973984	0.00336582464700021	0.00286356422565478
cliente_edad_lag1	0.00296181370866346	0.00649343683373584	0.00334903939988368
mcuentas_saldo_rank_tend6	0.00288763134299134	0.00237133713035703	0.00261795157405673
mrentabilidad_annual_rank_delta1	0.00277002660099902	0.00584573458950878	0.00292599419729843
numero_de_cliente	0.00275243269308521	0.00319479081188824	0.00360697375641139
mcuentas_saldo_rank_delta1	0.00269226817612681	0.00896407487080602	0.00292927998527967
internet_tend6	0.00264514321604792	0.00420511216897321	0.00213329784682314
mtarjeta_visa_consumo_rank	0.00260910647505663	0.00199793684706371	0.00109170305676856
mcuentas_saldo_rank_lag1	0.00258759679909968	0.00250095813307796	0.001792397343769
ctrx_quarter_tend6	0.00241224294046552	0.00161514792950499	0.00207579655715135
mprestamos_personales_rank_tend6	0.00240845336711814	0.00236320490644531	0.00317982131884958
mcuenta_corriente_rank_lag1	0.0023873333925162	0.00267372705923861	0.0027403471763581
mtransferencias_recibidas_rank	0.00235699195052488	0.00280920916147955	0.00231730197377284
mrentabilidad_annual_rank_tend6	0.00235590329706417	0.00288562477170824	0.00323075103255887
mactivos_margen_rank_tend6	0.00225205460007329	0.0026854687998059	0.00285534975570166
Master_fechaalta	0.002236184869046	0.00276689441244596	0.00256045028438495
mcuenta_debitos_automaticos_rank	0.00222344011735809	0.00343884335585877	0.00255716449640371
chomebanking_transacciones_tend6	0.00220019091343223	0.00398805751683919	0.00256537896635682
mplazo_fijo_dolares_rank	0.00218741328155199	0.00421325176431903	0.00284056370978606
Master_fechaalta_lag1	0.00217256987544749	0.00243385330898908	0.00237398181644931
mrentabilidad_annual_rank	0.00216164480112273	0.00306056711462431	0.00242901876513516
cproductos_tend6	0.0021550904534823	0.00564549134560824	0.00109909607972636
mcomisiones_mantenimiento_rank_tend6	0.00214879825743198	0.00171396275518146	0.00251444925264752
cdescubierto_preacordado_tend6	0.0021362340200512	0.00814611403507338	0.00048711806821953
mcaja_ahorro_rank_tend6	0.00212064607048307	0.00228924444629251	0.00279538412504395
cliente_antiguedad	0.00211428292827097	0.00362978561329072	0.00252841385156781
cproductos_delta1	0.00210359618381392	0.00959544045606306	0.000699051393009815
mpayroll_rank_tend6	0.00208678175784198	0.00150635871517442	0.00276006190424557
mcuenta_debitos_automaticos_rank_tend6	0.00208500000555018	0.0018410432437289	0.0028356350278142
tcallcenter_tend6	0.00204766098434803	0.00363497886088149	0.00131431519249789
ccallcenter_transacciones_tend6	0.0020437502394882	0.00372039507886619	0.00160510742883805
Visa_fechaalta	0.00204098238409037	0.00149978180604214	0.00184086271649236
chomebanking_transacciones	0.00203898744380797	0.00297260379153681	0.00194107924992032
mcomisiones_otras_rank	0.00202158547304751	0.00167995118951549	0.00157060665503498
Visa_Fvencimiento_lag1	0.00196132966583441	0.00115344113227865	0.00236823168748213
mcaja_ahorro_dolares_rank_tend6	0.00195525754462323	0.0018383148013473	0.00288245750654693
mcaja_ahorro_dolares_rank	0.00194650145349148	0.00418119359978136	0.00276827637419868
cdescubierto_preacordado_delta1	0.00193393268504805	0.0138930553061487	0.000454260188407083
Master_madelantodolares_rank_tend6	0.00191510616948685	0.000968578255538767	0.00266230971180354
Master_Fvencimiento_lag1	0.0019001614570237	0.00170457229973823	0.00248898439579288
mpagomiscuentas_rank_tend6	0.00189357682530408	0.00211619670647746	0.00292599419729843
vm_msaldodolares_rank_tend6	0.00189059227599872	0.00115800136157973	0.00269188180363474
mrentabilidad_rank_tend6	0.001881691994827	0.00299148700636551	0.00265902392382229
Master_mconsumospesos_rank_tend6	0.00187468770664908	0.00145018408012005	0.00286685001363602
mpasivos_margen_rank_tend6	0.00187339123118517	0.000984898610631009	0.00209715417902944
mtransferencias_emitidas_rank_tend6	0.00187265175035374	0.00106919928492226	0.00281263451194548
rf_015_024	0.00187207823123354	0.00600323822960345	0.000145396118170079
mcomisiones_mantenimiento_rank	0.00184602752972986	0.00336824042494574	0.00223515727424172
mcuenta_corriente_rank_delta1	0.00184152131644326	0.00112782233458527	0.00252430661659126
Master_mpagosdolares_rank_tend6	0.00183827998578251	0.00164133441434665	0.00272473968344719
Master_Fvencimiento	0.00183363725742276	0.00194590047729661	0.00251362780565221
ctarjeta_visa_debitos_automaticos_tend6	0.00183031685376266	0.00315094951112198	0.00140713870296805
matm_rank_tend6	0.00182450807965682	0.00178487944901879	0.00281920608790797
Visa_mfinanciacion_limite_rank_tend6	0.00181946907138765	0.00177983972961035	0.00257605777729586
mprestamos_personales_rank_delta1	0.00181767843523689	0.00144852409097643	0.00246516243292885
mpagomiscuentas_rank	0.00181220330587492	0.00390753252000035	0.00239780377931334
mactivos_margen_rank_lag1	0.00180969616640057	0.0025946907162889	0.0019690084477609
mcomisiones_rank_tend6	0.00180885909532875	0.00199918866111142	0.00217108440860745
mpayroll_sobre_edad_rank_tend6	0.00179026629732064	0.0015932132300357	0.00283481358081888
mplazo_fijo_dolares_rank_tend6	0.00178945233895978	0.00098549711326457	0.00273952572936279
mttarjeta_master_debitos_automaticos_rank_tend6	0.00178274748487686	0.00154398794943485	0.00266970273476134
mpayroll2_rank_tend6	0.00177992325433058	0.00120785182651482	0.00264013064293013
mextraccion_autoservicio_rank_tend6	0.00177273309083027	0.00104883467200819	0.00272309678945656
mcomisiones_otras_rank_tend6	0.00176966515658285	0.0034919106857265	0.00215876270367778
mcomisiones_mantenimiento_rank_lag1	0.00176524164544539	0.00222253640771117	0.0023435882776228
vm_mpagado_rank_tend6	0.0017641007099462	0.00107348451637012	0.00281345595894079
mtarjeta_master_consumo_rank_tend6	0.00176164580559052	0.00135713943960973	0.00263355906696764
mttarjeta_visa_debitos_automaticos_rank_tend6	0.00175586904564366	0.00187394186738405	0.00273459704739092
mprestamos_prendarios_rank_tend6	0.00175412509387941	0.0014553025726968	0.00289806499945785
Master_msaldodolares_rank_tend6	0.00175204942137233	0.0018748624583263	0.00259248671720209
ctarjeta_visa_transacciones_tend6	0.00175027252939061	0.00355388883639217	0.00146628288663046
minversion2_rank_tend6	0.00174953446065064	0.00090313157050809	0.00269188180363474
mprestamos_hipotecarios_rank_lag1	0.00174873028563314	0.00154928214231138	0.00260727276311769
Visa_msaldodolares_rank_tend6	0.00172994855437448	0.00108972910468287	0.00251362780565221
minversion1_pesos_rank_tend6	0.00172682664912224	0.00123592152486913	0.00273213270640499
vm_mconsumosdolares_rank_tend6	0.00172333458854342	0.000918070721203521	0.00271159653152221
mautoservicio_rank_tend6	0.0017189015725864	0.00167217551175342	0.00275266888128777
matm_other_rank_tend6	0.00170602160418864	0.00106987985618877	0.00272638257743781
mtransferencias_recibidas_rank_tend6	0.0017057595825892	0.00115917642599007	0.00261713012706142
cdescubierto_preacordado	0.00170342703348437	0.00175913178131284	0.000406616262679034
Master_mpagospesos_rank_tend6	0.00170287668666656	0.0007965693097798	0.0025128063586569
Visa_fechaalta_lag1	0.00170246711171977	0.00146320888383411	0.0017850043208112
vm_mlimitecompra_rank_tend6	0.00170055627292429	0.000978565334622553	0.0024462691520367
mtarjeta_master_consumo_rank	0.00168996260694744	0.00187959202825853	0.00229594435189475
rf_017_020	0.00168577731708774	0.00128907948001488	0.000124859943287299
mprestamos_hipotecarios_rank_tend6	0.00167654661048873	0.00145481094140386	0.00283974226279075
mcheques_emitidos_rechazados_rank_tend6	0.00167647739199003	0.00128016946862931	0.0027255611304425
mcaja_ahorro_adicional_rank_lag1	0.0016669913386453	0.00133613669176348	0.00259002237621615
vm_mfinanciacion_limite_rank_tend6	0.0016669559717992	0.00153415942845312	0.00244380481105076
Master_msaldopesos_rank_tend6	0.00166357045694002	0.00102485051150665	0.00246023375095699
vm_status01	0.00166118502864377	0.00577416530694692	0.000217683453757463
mcheques_depositados_rechazados_rank_tend6	0.00165905011878067	0.000970615864461286	0.00261302289208487
vm_madelantodolares_rank_tend6	0.00164860009571895	0.00119648458370727	0.00269106035663943
vm_mpagosdolares_rank_tend6	0.00164840863027606	0.000881708246212086	0.00272638257743781
mcuenta_corriente_adicional_rank_tend6	0.00164126436771136	0.000915753286861137	0.0027403471763581
mrentabilidad_rank	0.00164117550336048	0.00146103194035335	0.00204786735931077
thomebanking_tend6	0.00163579616030769	0.00430404172885334	0.00186139889137514
mcomisiones_mantenimiento_rank_delta1	0.00163475897523247	0.00122810543430366	0.00225487200212919
mpagodeservicios_rank_tend6	0.00163185769641619	0.00168623896498563	0.00293256577326091
mcheques_emitidos_rank_tend6	0.0016303425382672	0.0011425419899901	0.00278059807912835
Master_mconsumosdolares_rank_tend6	0.00163021467307722	0.00128440324457641	0.00252184227560532
mcomisiones_otras_rank_lag1	0.00162795341234825	0.00119106290838223	0.0013373157083666
mcuenta_corriente_adicional_rank_lag1	0.00162645846364391	0.00134693017682997	0.00265080945386918
mpayroll2_rank_lag1	0.0016248024895721	0.00101231314748575	0.00261630868006611
mplazo_fijo_pesos_rank	0.0016231238878943	0.00207767570213672	0.00282084898189859
mcaja_ahorro_adicional_rank_tend6	0.00162207851225217	0.00114020596807075	0.0028282420048564
vm_fechaalta_lag1	0.00162173896035679	0.00136847653180644	0.00174475341804095
mforex_buy_rank_tend6	0.00161881964506138	0.00119404920641933	0.00274116862335341
mtarjeta_master_descuentos_rank_tend6	0.00161463432821147	0.00082394788559918	0.00268366733368163
Master_mfinanciacion_limite_rank_tend6	0.00161302642019868	0.00120603090884719	0.00258345080025366
mcheques_emitidos_rechazados_rank	0.00160913098247691	0.000909761235982441	0.00251773504062877
ctrx_quarter_normalizado_lag1	0.00160785784688723	0.000896875824641791	0.000674407983150479
Master_madelantopesos_rank_tend6	0.00160331119141162	0.00117150068329659	0.00268448878067694
vm_Fvencimiento_lag1	0.00160124112482647	0.00141565706331135	0.00212919061184658
Visa_fultimo_cierre_tend6	0.00159925459730016	0.000840078896011658	0.00142274619587896
vm_mpagospesos_rank_tend6	0.00159924592329088	0.00252675644687231	0.00228115830597915
mcajeros_propios_descuentos_rank_tend6	0.00159858936242932	0.0011589226752116	0.00260973710410362
vm_madelantopesos_rank	0.0015953128723437	0.00105015196173523	0.00269106035663943
mcaja_ahorro_rank_delta1	0.00159503049807074	0.000857843907649119	0.00218094177255118
mcaja_ahorro_dolares_rank_lag1	0.00159424616367262	0.00143060766141032	0.00237151747546338
mplazo_fijo_pesos_rank_lag1	0.00159213647139797	0.00151305946439954	0.00261630868006611
vm_mconsumosdolares_rank	0.00159160460609213	0.00126397630690974	0.00248076992583977
vm_madelantopesos_rank_lag1	0.00158966372867703	0.000940619099788337	0.00258427224724897
Visa_mlimitecompra_rank_tend6	0.00158901840208768	0.00101541470006303	0.0024980203127413
Visa_Fvencimiento	0.00158217243304244	0.0011885642234838	0.00227376528302135
mforex_sell_rank_lag1	0.00157761408899934	0.00116653852293788	0.00253991410950217
mtarjeta_visa_descuentos_rank_tend6	0.00157353330977538	0.000934163371251106	0.00272884691842374
mforex_sell_rank_tend6	0.00156490615934151	0.00110878041711658	0.00261466578607549
chomebanking_transacciones_delta1	0.00156418972976188	0.00317897460507311	0.00187289914930949
Master_mfinanciacion_limite_rank_delta1	0.00155717196134076	0.000876163858190004	0.00236823168748213
mtarjeta_master_descuentos_rank	0.00155514894448007	0.00138509605149271	0.00258509369424429
Master_mpagado_rank_tend6	0.00155394654874062	0.00107287447961026	0.00254730713245997
Visa_mpagado_rank_tend6	0.00155367117752165	0.00163011960123321	0.00256455751936151
mcheques_depositados_rank_tend6	0.00155341351587293	0.00163726587415367	0.00280277714800175
vm_madelantopesos_rank_tend6	0.00155060034582797	0.00110413222203527	0.00265820247682698
minversion1_dolares_rank_tend6	0.00154876779504533	0.00108661951579704	0.0026672383937754
mplazo_fijo_pesos_rank_tend6	0.00154755503424567	0.00117967557480332	0.0027329541534003
minversion1_dolares_rank	0.00154753559881755	0.0008399023862995	0.00270256061457378
Master_mlimitecompra_rank_tend6	0.00154611808817157	0.00104386678794771	0.00247912703184914
minversion1_pesos_rank	0.00154383631886272	0.00123206658281948	0.00271159653152221
ctrx_quarter_normalizado_tend6	0.00153977723984603	0.00248532248303685	0.00201665237348895
minversion2_rank	0.00153695893261218	0.000932865536328561	0.00261466578607549
minversion1_pesos_rank_lag1	0.00153633002354606	0.000923798672388427	0.00255141436743653
Master_mpagominimo_rank_tend6	0.0015316080851005	0.00098311593769793	0.00251855648762408
mcuenta_debitos_automaticos_rank_delta1	0.0015292331976125	0.000788926982705937	0.00230169448086193
Visa_mconsumosdolares_rank_tend6	0.00152324899139596	0.00100528646524318	0.0022187283343355
mforex_sell_rank	0.00152206149540151	0.000964765460747605	0.00249966320673192
mforex_buy_rank	0.00152177952255505	0.000907367919230228	0.00268531022767225
mprestamos_hipotecarios_rank	0.00152010968992178	0.001333428426876	0.00272884691842374
mcuenta_corriente_adicional_rank	0.00151995669625112	0.00134080032349502	0.00253580687452561
vm_mpagosdolares_rank_lag1	0.00151793763123108	0.00101815346245237	0.00237151747546338
mcajeros_propios_descuentos_rank_lag1	0.00151689675523822	0.000730894659536204	0.00252266372260064
ctrx_quarter_delta1	0.00151568591166811	0.00159368673627303	0.00163632241465987
mcaja_ahorro_dolares_rank_delta1	0.0015084431143324	0.000881921757632656	0.00234851695959467
mcajeros_propios_descuentos_rank	0.0015084421664805	0.000780610154958344	0.00252594951058188
mcheques_depositados_rechazados_rank	0.00150534692700063	0.00107108070616466	0.002571129095324
mcuenta_debitos_automaticos_rank_lag1	0.00150098526075554	0.00112795334375911	0.00237808905142587
mautoservicio_rank_delta1	0.00149924139917945	0.0010698442998596	0.00242984021213047
mplazo_fijo_dolares_rank_lag1	0.00149779863122066	0.00147283658382495	0.00253252108654437
mpayroll2_rank	0.0014944576304258	0.00125106560143248	0.00273952572936279
mactivos_margen_rank_delta1	0.00148746484659811	0.00136439712236162	0.00230415882184786
mtransferencias_emitidas_rank	0.00148157378713929	0.00201887949604138	0.00229758724588537
mcaja_ahorro_adicional_rank	0.00148045723249274	0.000980998081320292	0.00273213270640499
vm_mconsumospesos_rank_tend6	0.00148033788972138	0.00120599286646573	0.0021817632195465
Visa_mfinanciacion_limite_rank_delta1	0.00147128148367771	0.00102150422731733	0.00243476889410234
mcheques_depositados_rank	0.00147034575643654	0.00119816775673383	0.0025054133356991
Master_mconsumototal_rank_tend6	0.00146535639745517	0.00102679931632898	0.00239123220335085
matm_other_rank_delta1	0.00146168322138581	0.00106918194037144	0.00233455236067438
Visa_mpagosdolares_rank_tend6	0.0014593413817577	0.000713473908324896	0.0022852655409557
mtarjeta_visa_descuentos_rank	0.00145408140801128	0.00106063029631336	0.00256948620133337
mtarjeta_master_consumo_rank_delta1	0.00145354674779074	0.000815170184228768	0.00239041075635554
mttarjeta_master_debitos_automaticos_rank_delta1	0.00145314483656728	0.000785441190512864	0.00243066165912578
vm_mconsumototal_rank_tend6	0.00145155319036479	0.000986166352757884	0.00223515727424172
vm_mpagado_rank	0.00144915218124987	0.000878417088786777	0.00242901876513516
minversion1_dolares_rank_lag1	0.00144908893985843	0.000916598457914915	0.00260562986912706
mcomisiones_rank_lag1	0.00144885062559873	0.00106490483195488	0.00144574671174768
mprestamos_prendarios_rank	0.00144807834670612	0.000733644984959422	0.00249391307776474
mttarjeta_master_debitos_automaticos_rank_lag1	0.00144470212111596	0.000788815341613838	0.00231976631475877
vm_madelantodolares_rank	0.00144209858027001	0.00159727361828979	0.00278881254908146
cliente_antiguedad_lag1	0.00144207183929818	0.00256856898443696	0.00224255029719952
mpayroll_rank_lag1	0.00144065847472865	0.00197666632826041	0.00200761645654053
matm_other_rank	0.00143691647448542	0.00107369354711506	0.00253827121551155
Visa_mpagospesos_rank_tend6	0.0014366670801836	0.00167260739106879	0.00218587045452305
mcheques_emitidos_rank_lag1	0.00143514766698528	0.00127757122600919	0.00252677095757719
mcomisiones_rank	0.00143493548719605	0.00112923100118754	0.00153282009325066
mcheques_emitidos_rank_delta1	0.00143395166163653	0.000781904174079709	0.00237891049842118
mtransferencias_emitidas_rank_delta1	0.00143388999023958	0.000749964299378614	0.00225815779011044
mforex_buy_rank_lag1	0.00142948734397828	0.000931031783693323	0.00253662832152093
vm_msaldodolares_rank	0.00142581252876555	0.00135046343527711	0.00247912703184914
vm_mconsumosdolares_rank_delta1	0.00142535968890821	0.000956259259412664	0.00240108956729458
mcheques_emitidos_rank	0.00142523020364482	0.00115733570662692	0.00269270325063005
mpagodeservicios_rank	0.00142516964726915	0.00118750259243581	0.00261795157405673
mcheques_emitidos_rechazados_rank_lag1	0.00142419886551036	0.000933612595039879	0.00247748413785852
mplazo_fijo_dolares_rank_delta1	0.00142328448727932	0.00143168296574587	0.00237726760443056
vm_Fvencimiento	0.00142174973113768	0.00139011224012721	0.0022113353113777
rf_015_021	0.0014216649258381	0.000585761528883571	0.000145396118170079
vm_msaldopesos_rank	0.00141986022414813	0.000631710366019725	0.000943021150617235
mcheques_depositados_rank_lag1	0.00141535968737221	0.00105323998556288	0.00259412961119271
vm_fechaalta_tend6	0.00141444925945404	0.000826799300846082	0.00072369480286915
ccajas_consultas_tend6	0.00141297682644251	0.00554241773892391	0.0012346348339527
mttarjeta_master_debitos_automaticos_rank	0.00140583062331145	0.000682888816488199	0.00234605261860873
mpagodeservicios_rank_lag1	0.00140562952595175	0.000952486443811138	0.00258345080025366
mpagomiscuentas_rank_lag1	0.00140463126691667	0.00187563420411495	0.00231565907978222
Master_mpagosdolares_rank	0.00140457716177545	0.00218162867754753	0.00229019422292757
ctransferencias_recibidas_tend6	0.00140323092460063	0.00140575346933217	0.00191972162804223
chomebanking_transacciones_lag1	0.00139965231615838	0.00124847646470153	0.00158949993592713
vm_mlimitecompra_rank_delta1	0.0013917945599011	0.000784338366156683	0.00227376528302135
vm_madelantodolares_rank_delta1	0.00139165215975899	0.000761260574065731	0.00228362264696508
Master_msaldototal_rank_tend6	0.00139051610174086	0.000964823882976277	0.00235344564156653
mpasivos_margen_rank_lag1	0.001388345559537	0.00101154128606676	0.00142356764287428
mextraccion_autoservicio_rank_lag1	0.00138539966973973	0.000903966768445148	0.00203225986639986
mttarjeta_visa_debitos_automaticos_rank	0.00138456066868077	0.00106912111881324	0.00201172369151708
Master_mlimitecompra_rank_delta1	0.0013833788349507	0.000699336509491029	0.00236658879349151
mpayroll_sobre_edad_rank_lag1	0.00138167325320858	0.00142622324803937	0.00206347485222169
minversion2_rank_lag1	0.00138101990930548	0.000785387595850836	0.00233455236067438
vm_msaldodolares_rank_delta1	0.00138096952180446	0.000861071323850172	0.00225980068410106
mpagomiscuentas_rank_delta1	0.00137768905479477	0.000856544367179077	0.00227540817701197
mtarjeta_visa_descuentos_rank_lag1	0.00137581759443572	0.000873787018761068	0.00258262935325835
vm_madelantodolares_rank_lag1	0.00137545823556545	0.000822638516550341	0.00252348516959595
vm_msaldopesos_rank_tend6	0.00137368552808729	0.0011130568606587	0.00187947072527198
mrentabilidad_rank_delta1	0.00136949981938006	0.000783844219903877	0.00210619009597787
Visa_cconsumos_tend6	0.00136883621025613	0.000980025312187662	0.00177268261588153
mprestamos_prendarios_rank_lag1	0.0013682415080585	0.000868069994643178	0.00250212754771786
Master_fultimo_cierre_tend6	0.00136759046449561	0.00272123288779411	0.00154596324517564
Master_madelantodolares_rank_delta1	0.00136491213625338	0.000837683729174024	0.00231073039781035
ccomisiones_otras_tend6	0.00136343417489506	0.00134214495979719	0.00199611619860617
Visa_msaldodolares_rank	0.00136288599577758	0.000675013378651341	0.00194518648489688
vm_mpagado_rank_lag1	0.00136237215699291	0.000969056097913804	0.00233373091367906
Visa_msaldodolares_rank_delta1	0.00136014584905882	0.000592742190251311	0.0021308335058372
Visa_mlimitecompra_rank_delta1	0.00135881020349598	0.00142263347526414	0.00245776940997105
mtarjeta_master_descuentos_rank_lag1	0.00135485136750934	0.000803148762779533	0.00239944667330396
thomebanking	0.00135160248932483	0.00329081802135723	0.000584870260661561
mextraccion_autoservicio_rank_delta1	0.00135144945358147	0.000764605065984805	0.00222529991029799
Master_mpagosdolares_rank_delta1	0.00134864567161727	0.000710100855712141	0.00236166011151964
mforex_buy_rank_delta1	0.00134818762887824	0.000902953095080172	0.00241505416621487
Master_mpagado_rank_delta1	0.00134696990263656	0.00075834559104008	0.002138226528795
mcheques_depositados_rechazados_rank_lag1	0.00134593823774366	0.000735199519234074	0.00239123220335085
vm_mpagosdolares_rank	0.00134559816006165	0.000839425873673359	0.00237808905142587
vm_mpagominimo_rank	0.00134479230630537	0.00186511985068629	0.00133074413240411
vm_mpagominimo_rank_tend6	0.00134009806223396	0.000959469562323577	0.00211851180090753
rf_020_024	0.00133977170362194	0.000878798639997189	0.000156074929109124
Master_msaldototal_rank_delta1	0.00133886134067956	0.000975727968461813	0.00239369654433678
mv_status07_rank	0.00133570839483275	0.000696305838311422	0.00199693764560148
mpayroll_rank_delta1	0.00133424602707414	0.00105205324248832	0.00229923013987599
vm_msaldototal_rank	0.00133226747886036	0.000960855652102201	0.000929877998692256
mv_status07_rank_tend6	0.00133154461843498	0.000857700757289701	0.00228362264696508
rf_004_028	0.0013301099378121	0.00101526117188071	0.000156074929109124
Master_mpagospesos_rank_delta1	0.00132482873307011	0.000680827445531058	0.00225405055513388
mplazo_fijo_pesos_rank_delta1	0.00132463172557335	0.00110120712135498	0.00235015985358529
vm_msaldodolares_rank_lag1	0.00132313099148705	0.000673240707742567	0.00222283556931205
matm_rank_lag1	0.00132107380325836	0.000775394821972865	0.0021308335058372
mpayroll_sobre_edad_rank_delta1	0.00132032732276063	0.00094989915716561	0.00217929887856056
mcuenta_corriente_adicional_rank_delta1	0.00131973969437961	0.000867154462528247	0.00243641178809296
vm_msaldototal_rank_tend6	0.00131552400261178	0.000858377339309528	0.00186797046733762
mtarjeta_visa_consumo_rank_delta1	0.00131499404583961	0.000866183370035529	0.00207497511015604
Visa_mconsumospesos_rank_tend6	0.00131481840768307	0.000791700925625852	0.00212261903588409
mrentabilidad_rank_lag1	0.0013140292911322	0.00138577569771651	0.00187536349029543
ccaja_seguridad	0.00131204833179036	0.00735293278094279	0.000361436677936919
Visa_madelantodolares_rank_tend6	0.00131182200852731	0.00159295326412652	0.00221379965236363
Master_mconsumototal_rank_delta1	0.00131095339757999	0.00075509455734233	0.00241998284818674
mttarjeta_visa_debitos_automaticos_rank_lag1	0.00131025539888833	0.000821822108543335	0.00181129062466115
matm_other_rank_lag1	0.00130840514268312	0.000815585239329843	0.00231976631475877
vm_mfinanciacion_limite_rank_delta1	0.00130670832235052	0.000697366891207716	0.00244216191706014
Master_msaldopesos_rank_delta1	0.00130430055665319	0.000722267855757908	0.00215958415067309
mtransferencias_recibidas_rank_lag1	0.0013022843270869	0.00116999497393249	0.00192382886301879
vm_madelantopesos_rank_delta1	0.00130201752237936	0.000691427365410415	0.00239616088532271
mtarjeta_visa_consumo_rank_tend6	0.00130191575312919	0.000970869152718399	0.0021086544369638
mtransferencias_recibidas_rank_delta1	0.00130128687366342	0.000644102671780619	0.00227212238903073
Visa_mpagominimo_rank_tend6	0.00129949045860522	0.00233490360052241	0.00201418803250301
minversion1_pesos_rank_delta1	0.00129930246104875	0.000589071678592026	0.00223597872123703
mcheques_depositados_rechazados_rank_delta1	0.00129919879158176	0.000791721565641325	0.00223105003926517
mprestamos_hipotecarios_rank_delta1	0.00129892668411212	0.000669332199938474	0.00223597872123703
vm_fechaalta	0.00129820096883091	0.00136500392147199	0.00167082318846294
vm_mpagosdolares_rank_delta1	0.0012970789979891	0.000611408540379616	0.00227869396499321
matm_rank	0.00129612808116921	0.000815222940570839	0.0021817632195465
Master_mconsumospesos_rank_delta1	0.00129314845864431	0.000590657433058151	0.00217601309057932
matm_rank_delta1	0.00129256683039674	0.000761609662058528	0.00231483763278691
Visa_mpagado_rank_delta1	0.00128856957473495	0.000829279166906877	0.00214151231677625
mcaja_ahorro_rank_lag1	0.00128799698257389	0.00224091241005878	0.00163714386165518
Master_mpagosdolares_rank_lag1	0.00128700355506129	0.000789700434042083	0.00200925935053115
mttarjeta_visa_debitos_automaticos_rank_delta1	0.00128561630153164	0.00282876349479457	0.00227869396499321
Master_mpagominimo_rank_delta1	0.00128323102412077	0.000744362009464385	0.00220558518241052
ctransferencias_emitidas_tend6	0.00128198872470333	0.000892717613121087	0.00135949477724
Master_mconsumosdolares_rank	0.00127552672179404	0.000658349688175656	0.00207333221616542
vm_mpagado_rank_delta1	0.00127148503594958	0.000781368140736677	0.00236166011151964
mpasivos_margen_rank_delta1	0.00126877190688606	0.0013021931456443	0.00191561439306567
Master_mconsumosdolares_rank_delta1	0.0012658127733221	0.000594423137393842	0.00230744460982911
mcaja_ahorro_adicional_rank_delta1	0.00126481702481489	0.000844907821312495	0.00227705107100259
ctrx_quarter_normalizado_delta1	0.00126218768768208	0.00121565597824782	0.00126995705475109
mautoservicio_rank	0.00125721092961767	0.00199228498064172	0.00182525522358144
mtransferencias_emitidas_rank_lag1	0.00125527102481357	0.000920541307929628	0.00193697201494376
Visa_mpagosdolares_rank_delta1	0.00125102429542468	0.000582136864653616	0.00194436503790156
vm_mconsumosdolares_rank_lag1	0.00125047298592451	0.00147496689937159	0.00224419319119015
Master_mpagominimo_rank_lag1	0.00124966723879278	0.000492794476330576	0.00151228391836788
Visa_mconsumototal_rank_tend6	0.00124589001207016	0.000663578925709374	0.00207415366316073
cproductos	0.00124585729606979	0.00309998489005751	0.00102927308512491
Master_mpagado_rank	0.00124191172428152	0.00104619676818186	0.00189261387719696
mpagodeservicios_rank_delta1	0.00124041226731995	0.000939343552613593	0.00233455236067438
Visa_status	0.00123989458245759	0.000695450838678847	4.35366907514926e-05
Visa_msaldopesos_rank_tend6	0.0012371637618642	0.000975801278096604	0.00162975083869738
mtarjeta_master_descuentos_rank_delta1	0.00123339053800869	0.000639298578095036	0.00223844306222297
mforex_sell_rank_delta1	0.00123010972089201	0.000648771477969821	0.00226555081306824
Visa_madelantopesos_rank_tend6	0.00122314448672479	0.000614847213209633	0.00203308131339517
Master_msaldodolares_rank_delta1	0.00122069929414298	0.000715224985267901	0.00216533427964027
Master_mconsumospesos_rank	0.0012200222884934	0.000851970117699418	0.00215958415067309
Master_msaldodolares_rank	0.00121635273595307	0.000871854402186168	0.00189179243020165
Master_madelantopesos_rank	0.00121285954508294	0.000860149547696947	0.00206101051123575
Master_madelantopesos_rank_delta1	0.00121240133821642	0.000696077121501302	0.00228855132893695
mcheques_emitidos_rechazados_rank_delta1	0.00121182146980723	0.00068977058500869	0.00226555081306824
mcajeros_propios_descuentos_rank_delta1	0.00121049081694234	0.000649700741187483	0.00231319473879628
Master_fechaalta_tend6	0.00120601454666962	0.000727354983605257	0.000883055519959519
vm_fultimo_cierre_tend6	0.00120405538932421	0.00133042964076231	0.00141206738493992
minversion1_dolares_rank_delta1	0.00120320583379877	0.000697014767918525	0.00231237329180097
Master_mpagospesos_rank_lag1	0.00120254260705286	0.00066066521461745	0.00188029217226729
mcheques_depositados_rank_delta1	0.0012010434696289	0.000606022392476165	0.00220229939442928
Visa_mpagominimo_rank_delta1	0.00119952406051965	0.00147364304762282	0.00206101051123575
Visa_mconsumosdolares_rank_delta1	0.00119862099295203	0.000605234024826315	0.00195340095484999
mtarjeta_master_consumo_rank_lag1	0.00119852289331647	0.000867446024427498	0.00202979552541393
mpayroll2_rank_delta1	0.00119394367670164	0.000713106377293062	0.00220722807640114
mprestamos_prendarios_rank_delta1	0.00118980320306386	0.000775308850815977	0.00216369138564965
minversion2_rank_delta1	0.00118572206857517	0.000601130622086197	0.00218833479550899
mv_status07_rank_delta1	0.0011747050354276	0.00100795492438653	0.00209551128503882
mv_status07_rank_lag1	0.00117415802078513	0.000602507201269456	0.00183511258752518
Master_madelantopesos_rank_lag1	0.00117219551156142	0.000708749339404814	0.00192711465100003
mextraccion_autoservicio_rank	0.00116989816238926	0.0011374997267142	0.00200515211555459
vm_mpagospesos_rank_delta1	0.0011681587642977	0.0011690616058378	0.00219490637147147
Visa_mpagado_rank	0.0011648825552034	0.000735531580659485	0.00178171853282995
Master_mconsumospesos_rank_lag1	0.00116025336063356	0.000640990163228736	0.00203472420738579
Visa_fechaalta_tend6	0.00115752747003444	0.000676540392905362	0.000864983686062673
vm_msaldopesos_rank_delta1	0.00115473935775443	0.00084071931464303	0.00188439940724385
Visa_fultimo_cierre	0.00114867887344738	0.000637571494447329	0.00151392681235851
Visa_madelantodolares_rank_lag1	0.00114648592364443	0.00187576720791214	0.00160592887583336
mcomisiones_rank_delta1	0.00114543597386862	0.00166599969535881	0.00167082318846294
vmr_mpagominimo_tend6	0.00114330707076003	0.00104506731994017	0.00124859943287299
Master_madelantodolares_rank_lag1	0.00114163924062899	0.000601621761950195	0.00194600793189219
Visa_msaldodolares_rank_lag1	0.0011362801540442	0.000526324672896178	0.00169300225733634
mautoservicio_rank_lag1	0.00113095951713345	0.00104702760107363	0.00176939682790028
Master_msaldodolares_rank_lag1	0.00112926834106003	0.000784738302590963	0.00178582576780651
Master_mconsumosdolares_rank_lag1	0.00112729589232284	0.00073906483910663	0.00195750818982654
Master_madelantodolares_rank	0.00112497224818268	0.000768531409768656	0.00204540301832484
Visa_madelantodolares_rank_delta1	0.0011247702828965	0.000652219921563465	0.00188768519522509
Visa_mpagado_rank_lag1	0.0011242024324058	0.000660327140414421	0.0017562536759753
Visa_mconsumospesos_rank_delta1	0.00112268852794704	0.000494044498108033	0.00184989863344078
Master_mconsumototal_rank_lag1	0.00111612193834686	0.000569978363437749	0.00181621930663302
vm_mconsumospesos_rank_delta1	0.00110602060005867	0.000613601556477466	0.00194025780292501
Master_mconsumototal_rank	0.00110084162016523	0.000742011447029938	0.00199365185762024
vm_msaldototal_rank_delta1	0.00109983403162686	0.000618663737079221	0.00174803920602219
Visa_msaldototal_rank_tend6	0.00109970664003266	0.000892498464721501	0.00163385807367394
mtarjeta_visa_descuentos_rank_delta1	0.00109767489149759	0.000930536105338528	0.00218258466654181
ctarjeta_visa_transacciones	0.00109753742999678	0.0015626997422863	0.000700694287000437
ctarjeta_visa_transacciones_delta1	0.00108974496842518	0.00454025488274514	0.000969307454467193
vm_mconsumototal_rank_delta1	0.00108916678883972	0.000672622894842428	0.00194190069691563
Master_mpagado_rank_lag1	0.0010861261202567	0.00107577769724894	0.00172750303113941
Master_mpagospesos_rank	0.00108581824806822	0.000646337632783863	0.00187207770231418
ccomisiones_otras	0.00108560116380381	0.00258225634999227	0.00103830900207333
vm_fultimo_cierre	0.00108502920528085	0.000693944175364452	0.0015352844342366
vm_cconsumos_tend6	0.00108442870330841	0.00140025374352845	0.00114509711146379
cpagomiscuentas_tend6	0.00108163394232871	0.00288612082586164	0.00122395602301366
Visa_mfinanciacion_limite_rank	0.00107596844027308	0.000557928236756911	0.00121574155306055
Visa_mpagospesos_rank_delta1	0.00106417040206206	0.00122347151956918	0.00198872317564837
vm_mpagominimo_rank_delta1	0.00106329532247488	0.000831942596130497	0.00204047433635297
Visa_mpagominimo_rank	0.00105857404477876	0.000583467104978606	0.00105227360099362
vm_mfinanciacion_limite_rank	0.0010578197574441	0.00045096430513926	0.00116234749836532
vmr_mpagospesos_tend6	0.00105707774993951	0.000843505716731949	0.00122559891700428
ccajas_transacciones_tend6	0.00105357575144729	0.00171662430541207	0.00103995189606395
ccomisiones_otras_lag1	0.00104512156821099	0.0023314328113658	0.00105145215399831
vmr_Master_mlimitecompra	0.00104362746140608	0.00124132675177848	0.00142767487785083
Master_mpagominimo_rank	0.00104354670262489	0.000582050546605711	0.0014547826286961
Master_mlimitecompra_rank_lag1	0.00103606284131925	0.000810973988141773	0.00127899297169951
Visa_mconsumototal_rank_delta1	0.00103534858289016	0.000598174041046168	0.00190247124114069
Master_msaldototal_rank	0.00103486595064252	0.000704734682949715	0.00151228391836788
Visa_madelantopesos_rank_delta1	0.00103476765495815	0.000577763580702769	0.00182854101156269
Visa_msaldototal_rank_delta1	0.00102455958784861	0.000513877384909191	0.00164864411958954
Master_fultimo_cierre	0.00101044864684992	0.000840329929477165	0.0015648565260678
Visa_msaldopesos_rank	0.00101012687456456	0.000500222424756328	0.000774624516578443
Visa_Fvencimiento_tend6	0.00100983851494758	0.0015183783443534	0.000851840534137694
rf_011_022	0.000998130008127768	0.000264573344564722	0.000127324284273233
vm_mpagominimo_rank_lag1	0.000997414944163277	0.000893977203309079	0.00125352811484486
Master_mfinanciacion_limite_rank	0.000997085201202639	0.000803157521777696	0.00125106377385893
cmobile_app_trx_tend6	0.000995445107952172	0.00111216150603788	0.00152624851728817
vmr_msaldopesos2_tend6	0.000993569530622747	0.00134476950831939	0.00140713870296805
Visa_msaldopesos_rank_delta1	0.000989120676147621	0.000466843761749706	0.00165603714254734
vm_Fvencimiento_tend6	0.000977760974720165	0.00135030635146187	0.00106048807094673
Visa_madelantopesos_rank_lag1	0.000964297977838355	0.000508797570680771	0.00137510227015092
mcomisiones_otras_rank_delta1	0.000963260097874925	0.00268590556450308	0.00160100019386149
ccuenta_debitos_automaticos_tend6	0.000961705299659236	0.00285252625210491	0.000992307970335906
vmr_mpagado_tend6	0.000960125488084005	0.000941017504120628	0.00120424129512619
Visa_madelantodolares_rank	0.000958382240495804	0.00107111392097948	0.00149339063747573
vm_status05_delta1	0.000953713336425158	0.000774486574569278	0.000112538238357632
vm_status02	0.000948688210042539	0.00106204474443257	8.70733815029851e-05
Master_mfinanciacion_limite_rank_lag1	0.000944628743009476	0.000975769971182378	0.00124120640991519
Master_fultimo_cierre_lag1	0.000939007333013466	0.000714675856789002	0.00140467436198212
vm_mconsumospesos_rank	0.000927486196596322	0.000657513218304871	0.00126913560775577
Visa_mpagominimo_rank_lag1	0.000924521380051057	0.00083669899230133	0.00105884517695611
Visa_mpagosdolares_rank_lag1	0.000899372869648954	0.000429239966163809	0.00134142294334316
Visa_fultimo_cierre_lag1	0.000892273807993454	0.000760094875712834	0.00129460046461042
rf_004_016	0.000889793201573451	0.00307301255252588	0.000298185259297959
Visa_mlimitecompra_rank_lag1	0.000885041259735242	0.000451105518690503	0.00118041933226217
Visa_mconsumosdolares_rank	0.000884891145743991	0.000776503485661155	0.00136853069418843
Visa_mpagosdolares_rank	0.00087853904715138	0.000674571237143404	0.00133813715536191
Visa_cconsumos_lag1	0.000873186327927204	0.000943270185473291	0.000919199187753211
Visa_madelantopesos_rank	0.000872644149619148	0.000414733937809889	0.00131924387446976
Visa_mlimitecompra_rank	0.00087005735113244	0.000690842767325093	0.00120424129512619
vmr_Master_mlimitecompra_lag1	0.000867761310795343	0.00118572341732048	0.00131760098047913
cpayroll_trx_tend6	0.0008628714359002	0.00167180867450362	0.000759017023667531
ccomisiones_mantenimiento_delta1	0.000861971246261484	0.00435312478413749	0.000370472594885342
ctrx_quarter_lag1	0.000859928059389403	0.000832679623909925	0.000954521408551592
catm_trx_tend6	0.000859144742951322	0.00122974961099845	0.00108266713982014
vm_mlimitecompra_rank	0.000851345324559788	0.000517834399640405	0.0011023818677076
Master_msaldopesos_rank	0.000848227508178015	0.000745238574155144	0.00134799451930565
vmr_Visa_mlimitecompra	0.000846337412686461	0.000753747290449954	0.0011459185584591
vmr_msaldopesos2	0.000845538586286111	0.00105870146663205	0.00100134388728433
Visa_mconsumospesos_rank	0.000836650686053745	0.000731283206382113	0.00121656300005586
rf_010_028	0.000830169401368145	0.000459281103979267	8.29661465264292e-05
vm_status06_delta1	0.000823482398115024	0.00415030697292869	0.00013882454220759
ctarjeta_debito_transacciones_tend6	0.000821122352083698	0.000837913486657194	0.00124777798587768
Visa_mconsumosdolares_rank_lag1	0.000816887045865331	0.000631012710370654	0.00136113767123063
Master_mlimitecompra_rank	0.000816561850569789	0.000568979866554739	0.00117384775629968
vmr_mpagominimo	0.000816521170493716	0.000675912202182317	0.000813232525358069
ccallcenter_transacciones_delta1	0.000814572668091083	0.000971506333700285	0.000573370002727204
Master_msaldototal_rank_lag1	0.000812039122907762	0.000474915886792841	0.00133074413240411
Master_msaldopesos_rank_lag1	0.000810073584269986	0.0010398377933306	0.00136853069418843
cproductos_lag1	0.000808421496193644	0.000982431521722649	0.000782838986531555
vmr_mconsumospesos_tend6	0.000800844290309468	0.00065845748455899	0.00109909607972636
vm_mlimitecompra_rank_lag1	0.000797496455415675	0.000556337683631727	0.00108677437479669
vmr_Visa_mlimitecompra_lag1	0.000796602167932891	0.000848929935924446	0.00109334595075918
Visa_mfinanciacion_limite_rank_lag1	0.000792718946083259	0.000571448834456103	0.00116399039235594
ccajas_consultas_delta1	0.000786178365415331	0.00409370875503576	0.000414830732632146
vm_mfinanciacion_limite_rank_lag1	0.000784509326523049	0.000613216651987229	0.00104488057803582
vmr_Master_mlimitecompra_tend6	0.00077916055168425	0.00206759724617771	0.00111306067864665
vm_mconsumospesos_rank_lag1	0.000777788718174869	0.000622626417697035	0.00109088160977325
rf_013_024	0.000774534349818664	0.000448381152278343	0.000138003095212278
vm_fultimo_cierre_lag1	0.000769756754791574	0.000567872532615345	0.00126584981977453
ccomisiones_mantenimiento	0.000768036661082471	0.00179785800059734	0.000391008769768122
cextraccion_autoservicio_tend6	0.0007582534918514	0.00132015423742876	0.00101859427418586
vmr_msaldopesos_tend6	0.000755895781568943	0.00056769339231298	0.000840340276203338
Visa_cconsumos_delta1	0.000752114697947149	0.0011960723615495	0.000844447511179894
Master_Fvencimiento_tend6	0.000750112308181037	0.000883208578765432	0.000948771279584414
cprestamos_personales_tend6	0.000733479683870489	0.00195457390900902	0.000748338212728486
Visa_msaldototal_rank	0.00072741325401998	0.000477825290654645	0.00077216017559251
Visa_mconsumospesos_rank_lag1	0.000717817423213586	0.000669754655381232	0.00109745318573574
cprestamos_personales_lag1	0.000717767372085105	0.00384258197584582	0.000492046750191397
rf_008_013	0.000711942272679934	0.000174937081735655	0.000161003611080991
vmr_mpagospesos_delta1	0.000711083333627779	0.000590733142022472	0.000975879030429683
Visa_cconsumos	0.000703117286144747	0.000585467105133435	0.000887984201931386
tcallcenter	0.000692633751509122	0.00253934257798859	0.000262041591504267
vm_mpagospesos_rank	0.00069054144802653	0.000502351699629921	0.000935628127659435
ccaja_ahorro	0.000688330019655823	0.00239033386527084	0.000495332538172642
vmr_msaldopesos	0.000684646970877438	0.000562383849508974	0.000651407467281766
vm_msaldototal_rank_lag1	0.000677129512449743	0.000400554391717534	0.000745873871742552
vm_mpagospesos_rank_lag1	0.000671451846767523	0.000873257923238364	0.000998058099303084
vmr_msaldopesos2_lag1	0.000657833871086983	0.000495476406408401	0.000905234588832921
Visa_mpagospesos_rank_lag1	0.000655253046140107	0.000633907111196001	0.0009257707637157
vm_msaldopesos_rank_lag1	0.000655159633565372	0.000480167787872961	0.000688372582070769
cplazo_fijo_tend6	0.000654122055364883	0.00461327859261585	0.000634157080380231
vmr_Visa_mlimitecompra_tend6	0.000650352536417376	0.003266956833721	0.00101695138019524
ctransferencias_recibidas	0.000648789332215136	0.00149968768294637	0.000728623484841017
rf_001_015	0.000647795745887132	5.51819196882948e-05	0.000124859943287299
Master_cconsumos_tend6	0.000646265567118382	0.00123464204626287	0.000895377224889187
ccallcenter_transacciones	0.000642615437807335	0.00203210396444293	0.000469046234322684
active_quarter_tend6	0.000639956426056532	0.00160725858711989	0.000897020118879809
cpayroll_trx_lag1	0.000628519526640052	0.000824600300878201	0.000225076476715264
ctarjeta_debito_transacciones_delta1	0.000607229288197542	0.00201834031177161	0.000820625548315869
vm_mconsumototal_rank	0.000597669111464745	0.000587256802609595	0.00096027153751877
vmr_msaldototal_tend6	0.000593648683635374	0.000569485460211085	0.000784481880522177
vmr_mpagominimo_lag1	0.00059103982995605	0.000465086556398745	0.000739302295780063
internet_lag1	0.000590062125416463	0.001614522658448	0.000401687580707167
ccomisiones_mantenimiento_lag1	0.000586382442764637	0.00449726225085041	0.00049368964418202
vmr_mpagospesos_lag1	0.000586274751344943	0.000558085956539016	0.000697408499019192
Visa_mpagospesos_rank	0.000586052531134187	0.000544859464606529	0.000969307454467193
ccajas_otras_tend6	0.000581443190922069	0.00357543675237822	0.000530654758971023
rf_008_014	0.000580438819551215	0.00284388967756299	0.000198790172865306
ccajas_extracciones_tend6	0.000579240226869215	0.00102446288970346	0.000735195060803507
mtarjeta_visa_consumo_rank_lag1	0.000578864334748926	0.000292288953914081	0.000826375677283048
ccajas_consultas	0.000577043160982859	0.00342165056986038	0.000378687064838454
Visa_mconsumototal_rank	0.000575675854226283	0.000507250725823648	0.000894555777893876
vmr_mpagospesos	0.000575672166788168	0.000501199356581155	0.00066783640718799
Visa_msaldototal_rank_lag1	0.000569524128418854	0.000568348322551869	0.000726159143855084
ctarjeta_visa_transacciones_lag1	0.000565106502317147	0.000391665714129471	0.000593084730614672
ctransferencias_emitidas_delta1	0.000549676849773752	0.000709557797826028	0.000570084214745959
Visa_mconsumototal_rank_lag1	0.000545451202530798	0.000424972194897105	0.00088387696695483
cplazo_fijo	0.000544485070740096	0.00785290411441844	0.000345829185026007
Visa_delinquency_tend6	0.000542173085467437	0.000768489667216354	0.000539690675919446
vmr_msaldopesos2_delta1	0.000540034691934063	0.000608103102607467	0.00100134388728433
vm_mconsumototal_rank_lag1	0.000538209760576806	0.000451154892845165	0.000888805648926697
vmr_msaldototal	0.000535663765518207	0.000463513087656117	0.000561048297797536
rf_015_004	0.000533095183482534	0.00194203851070387	0.000111716791362321
vmr_mconsumospesos_lag1	0.000529084038553155	0.00030314794356749	0.000611156564511518
vm_cconsumos_lag1	0.00052841410687062	0.00121190122988673	0.000524904630003845
vmr_mconsumospesos	0.000521109055356348	0.000353415920748355	0.000623478269441186
ctransferencias_recibidas_lag1	0.000519264584875006	0.000687960074071549	0.00061937103446463
rf_003_029	0.00051319759093774	0.000731138090306935	0.000113359685352943
vmr_msaldopesos_lag1	0.000508242408081601	0.000335010692832615	0.000575012896717826
internet	0.000503478008422459	0.000456552921765927	0.000342543397044762
thomebanking_delta1	0.000503255858149873	0.00522181288075665	0.000468224787327373
ctransferencias_emitidas	0.000501024145666462	0.000999095183290749	0.000555298168830358
cprestamos_personales_delta1	0.000500614779457703	0.00113771916418963	0.000242326863616798
vm_cconsumos_delta1	0.000494180819066099	0.000682781945147575	0.000528190417985089
cliente_edad_tend6	0.000490702949636991	0.00100131305991144	0.000749981106719108
vmr_mconsumospesos_delta1	0.000489865256547622	0.000645227292455661	0.000760659917658153
ctransferencias_recibidas_delta1	0.00048406398378618	0.000458517539037088	0.000616906693478697
vmr_mconsumosdolares_tend6	0.000482475287998377	0.000637233304613962	0.000687551135075458
vmr_mpagominimo_delta1	0.000466110406170137	0.000693835135954976	0.00074423097775193
catm_trx_other_tend6	0.000459939444615311	0.00129336251448631	0.000705622968972304
ctarjeta_visa_descuentos_tend6	0.000454369726835069	0.00103756146557366	0.000443581377468037
ctarjeta_debito_tend6	0.000451839482810323	0.00600701367579518	0.000670300748173923
ctarjeta_master_transacciones_tend6	0.000450284917316149	0.00087373828057327	0.000547905145872557
cmobile_app_trx	0.000448277269476625	0.00130885264374606	0.0005290118649804
cmobile_app_trx_lag1	0.000446876409598987	0.0016287091134531	0.000602120647563095
Visa_msaldopesos_rank_lag1	0.000442045432450053	0.00074018630885494	0.000686729688080147
ccajas_transacciones	0.00043880590923714	0.000124556278251719	0.000148681906151324
ctarjeta_debito_transacciones_lag1	0.000437863544801558	0.000541471669125578	0.000581584472680316
ctarjeta_debito	0.000435359557688898	0.000923418161851063	0.00057747723770376
vm_status01_tend6	0.000434884078505375	0.0019822904144935	0.000345829185026007
vm_cconsumos	0.000421440474820737	0.000347986353652689	0.000446045718453971
vmr_msaldototal_lag1	0.00041830219349278	0.000374422253135108	0.000486296621224219
ccaja_seguridad_lag1	0.000415801802203882	0.000901490862723456	0.000138003095212278
cdescubierto_preacordado_lag1	0.000415647365151472	0.000168276340607754	0.000217683453757463
ctarjeta_visa_debitos_automaticos	0.000415417350480405	0.00121256870601737	0.000506011349111687
vmr_msaldototal_delta1	0.000414616325720479	0.000252616126861099	0.000537226334933512
rf_007_015	0.000413641795353569	0.000104702346728901	0.000182361232959082
vmr_mconsumototal_tend6	0.000413154184376876	0.000354399645855585	0.000548726592867869
ctarjeta_master_debitos_automaticos_tend6	0.000410249497283192	0.00127094127145899	0.000387722981786877
ccaja_ahorro_lag1	0.000394321976880618	0.000472848821041515	0.000325293010143228
ccaja_ahorro_tend6	0.000389414129136052	0.0029099426702751	0.000340079056058829
vmr_msaldopesos_delta1	0.000387876866182457	0.000268321328550994	0.000594727624605295
tcuentas_lag1	0.000386399047123054	0.00244966035209986	0.000224255029719952
rf_019_023	0.00038416945080165	0.000286587164093326	5.58583956811603e-05
vmr_mpagado	0.00037969292483398	0.000358424130889481	0.000437831248500859
rf_003_015	0.000378315953240923	0.000149319093454645	0.000147860459156013
cforex_tend6	0.000374859928089995	0.000606477715842723	0.000423866649580569
ctransferencias_emitidas_lag1	0.000372361157476238	0.000575308719702736	0.000480546492257041
ctarjeta_debito_lag1	0.000368333733505031	0.000931113852326277	0.000518333054041355
rf_009_017	0.000364489108688407	0.00015311295377783	5.33940546952267e-05
ctarjeta_visa_debitos_automaticos_lag1	0.000363627229574163	0.000683264933072688	0.000478903598266418
vm_Finiciomora_tend6	0.000360958567332819	0.00140740253140878	0.000395937451739989
ctarjeta_debito_transacciones	0.000358042477830465	0.00160759411745547	0.000551190933853802
cpagomiscuentas_lag1	0.000353484902216351	0.000525658555422011	0.000400866133711856
rf_018_013	0.000351183861194638	0.00034074442553446	0.000142931777184145
vmr_mpagado_delta1	0.000344684060238984	0.00047707652639583	0.000571727108736582
vm_status01_lag1	0.000335912804844418	0.000660809839263688	4.92868197186708e-05
vmr_mpagado_lag1	0.000334409349608861	0.000358691641678265	0.00044522427145866
cpagomiscuentas_delta1	0.000326494750722403	0.00102429933058924	0.000391830216763433
Master_fultimo_cierre_delta1	0.00032053381452984	0.000142565992593638	0.000515868713055421
vmr_mpagosdolares_tend6	0.000317022254303184	0.000576608635971379	0.00041072349765559
ccuenta_debitos_automaticos	0.000309295236171162	0.000476067044630635	0.000322007222161983
ccajas_depositos_tend6	0.000303126809510616	0.00330856909953887	0.000487939515214841
ccajas_transacciones_delta1	0.000302268184695708	0.000141070863405538	0.000133895860235722
vm_status04	0.000302071844612428	0.000273032253091099	6.90015476061392e-05
tcallcenter_delta1	0.000301423300386673	0.00116694100323962	0.000209468983804351
vmr_msaldodolares_tend6	0.000294146078168338	0.000421515021212882	0.000404973368688412
vmr_mconsumototal_lag1	0.000292982296642643	0.000181846572629871	0.000303935388265137
cforex_sell_tend6	0.000290628252768789	0.000560746032482811	0.000399223239721234
ccajeros_propios_descuentos_tend6	0.000284121451582226	0.000285397241184454	0.000243148310612109
rf_015_014	0.000284018638985779	0.000120927480237152	0.000198790172865306
Master_status	0.000280374332045899	0.00488024932990223	0.000169218081034103
cpagomiscuentas	0.000280337842563036	0.000682988027318878	0.000363079571927542
vmr_msaldodolares2_tend6	0.000280064533232583	0.000402911834157139	0.000435366907514926
Visa_fultimo_cierre_delta1	0.000276290642129659	0.000152524539891328	0.000461653211364884
ccomisiones_otras_delta1	0.000274747936877566	0.000357590233793734	0.000534761993947579
vm_fultimo_cierre_delta1	0.000272074145701672	0.000190299323840707	0.000483832280238285
vmr_mconsumototal	0.000271874208858813	0.000463542891375939	0.000373758382866587
vmr_mconsumototal_delta1	0.000270047914064777	0.000313850398649766	0.000362258124932231
tcuentas_tend6	0.000266956664825321	0.00225335351182264	0.000244791204602732
rf_013_027	0.000259692093759151	0.000132757995997049	4.92868197186708e-05
ccuenta_debitos_automaticos_lag1	0.00025216338239174	0.00063183576712214	0.000331043139110406
Visa_Finiciomora_tend6	0.000248853858364315	0.00116280030971524	0.000288327895354224
rf_001_021	0.000243087519837696	6.40137649648444e-05	0.000114181132348254
catm_trx_delta1	0.000240284463391647	0.000171193347164333	0.000314614199204182
vm_Finiciomora_lag1	0.000237846184287172	0.000433813146062834	0.000147039012160701
vmr_mconsumosdolares	0.000237415595417278	0.000475406477412729	0.000336793268077584
vm_status05_tend6	0.000236281654750954	0.000457011685135065	0.00018811136192626
ctarjeta_visa_debitos_automaticos_delta1	0.000235824710491312	0.000414168852344237	0.000281756319391735
cmobile_app_trx_delta1	0.000232328878008579	0.000541631990590307	0.000402509027702478
rf_009_021	0.000229604970923775	0.000365929753995314	0.000131431519249789
rf_004_019	0.000225957337202686	0.000205904274026874	6.07870776530274e-05
ccuenta_debitos_automaticos_delta1	0.000225730405422071	0.0017951613565589	0.000253005674555844
rf_018_015	0.000224336934985416	6.71310721757873e-05	0.000141288883193523
cextraccion_autoservicio	0.000222886559190527	0.000641711812173105	0.000291613683335469
ccaja_ahorro_delta1	0.000220076165132919	0.00270681647295275	0.00017414676300597
rf_011_021	0.000219862036530801	0.000192888807462672	1.97147278874683e-05
thomebanking_lag1	0.00021708774661624	0.000980108421493665	0.000239041075635554
vmr_Master_mlimitecompra_delta1	0.000215323839187672	0.000380090423434861	0.000287506448358913
rf_005_015	0.000213001248476772	0.000102569458407221	0.000191397149907505
catm_trx	0.000211066042416566	0.000299102182551257	0.000225897923710575
rf_001_026	0.000209955807103078	7.74552715123065e-05	6.07870776530274e-05
rf_017_015	0.000208432474878268	9.97526166316164e-05	0.000172503869015348
rf_002_023	0.000207805534294783	5.86627397767993e-05	0.000156896376104435
Master_cconsumos	0.000206671028627375	0.00021871721405269	0.0002571129095324
vmr_mconsumosdolares_delta1	0.000206022174884486	0.000509580734965375	0.000335971821082273
cextraccion_autoservicio_lag1	0.00020535438534607	0.000774383837013266	0.00028504210737298
rf_008_017	0.000204930275314301	0.000263353646843612	9.20020634748522e-05
Master_cconsumos_lag1	0.00020265679622419	0.000142608833634159	0.000244791204602732
ctarjeta_master	0.00020108126378532	0.000108486783179476	5.17511607046044e-05
ctarjeta_master_transacciones	0.000200498605851667	0.000401505248900964	0.000223433582724641
ctarjeta_master_transacciones_delta1	0.000199943657745849	0.000615088331373589	0.00022261213572933
vm_status04_tend6	0.000199373738968294	0.000428857027389331	0.000202897407841862
ccallcenter_transacciones_lag1	0.000197272795654264	0.000557613577697487	0.000211111877794973
vmr_mconsumosdolares_lag1	0.000192897206749132	0.000418693351870633	0.000327757351129161
cextraccion_autoservicio_delta1	0.000192882593305576	0.00023716626586683	0.000280934872396424
rf_002_021	0.000191483401386268	0.00105134465977224	0.000149503353146635
cforex_buy_tend6	0.000189815760886174	0.000985340520878268	0.000173325316010659
Master_status_tend6	0.000187450591154232	9.10024063742504e-05	0.000108431003381076
ccheques_depositados_tend6	0.00018682145658548	0.00156671754966813	0.000284220660377668
ccajas_otras_delta1	0.000186716114053216	0.00149641415914772	0.000133895860235722
rf_013_025	0.000183808041026472	8.89338952436901e-05	0.000101037980423275
rf_013_018	0.000183739908909912	0.000141848882140066	0.000134717307231034
rf_019_021	0.000180396608782958	6.09108537310805e-05	0.000139645989202901
Master_delinquency_tend6	0.00018028872939491	0.00189216604709683	0.000190575702912194
rf_010_021	0.000180206625561164	0.000103578130760045	0.000151967694132568
catm_trx_lag1	0.000178715136987096	0.000213134610203639	0.000235755287654309
vm_status06_tend6	0.00017757811928748	0.000425327787096459	0.000171682422020037
rf_007_022	0.000174511712518365	0.00180772109505036	9.69307454467193e-05
vmr_Visa_mlimitecompra_delta1	0.000169986498577664	0.00091073079637317	0.000257934356527711
vmr_msaldodolares	0.000167749672998262	0.00224555022731719	0.000256291462537088
rf_020_017	0.000166695052998522	4.8323681941746e-05	0.000201254513851239
cpagodeservicios_tend6	0.000165015716241212	0.000528779649526549	0.0001322529662451
Master_cconsumos_delta1	0.000163818880418221	0.000207419118187737	0.000220969241738708
vm_Finiciomora	0.000159426539123601	0.000359839099345217	0.000138003095212278
rf_003_016	0.000158394991588818	0.000120011456693281	0.00020864753680904
vmr_msaldodolares2	0.000158238426261528	0.000400500536887244	0.000213576218780907
cseguro_vivienda_lag1	0.000157691744058831	0.000240373880372366	0.000197147278874683
rf_020_016	0.000157557585902775	0.000117164897920608	0.000195504384884061
vmr_msaldodolares_lag1	0.000156217498158441	0.000481468629184314	0.000181539785963771
cinversion2	0.000154323674857737	0.0025659609710532	0.000190575702912194
internet_delta1	0.000152651217194784	0.00049497220031612	0.000229183711691819
vm_status02_tend6	0.000149677069239422	0.000154890972589773	0.000193040043898127
rf_010_019	0.000148574634608746	5.87192830124661e-05	0.000141288883193523
catm_trx_other_delta1	0.000148412077304659	0.00109640880918633	0.000238219628640242
Master_Fvencimiento_delta1	0.000147698581726768	0.000214159355173554	0.000205361748827795
rf_006_023	0.00014648000235977	3.43669266046492e-05	5.66798426764715e-05
rf_006_019	0.000142481853344246	0.000589282588329974	0.000181539785963771
ctarjeta_master_transacciones_lag1	0.000140536316112517	0.000230073934499407	0.000176611103991904
ccheques_emitidos_tend6	0.000139943975157441	0.00130943816687409	0.000165110846057547
cprestamos_prendarios	0.000138936288266442	0.00236517544977134	0.000193040043898127
rf_016_015	0.000138825020143744	9.24313082858105e-05	0.000124038496291988
ccheques_emitidos	0.000138601425244912	0.00233541462880468	0.000147039012160701
Master_Finiciomora_tend6	0.000137506397245731	0.00114177163176551	0.000201254513851239
rf_015_017	0.00013668369488858	0.000264623788300018	0.000181539785963771
Visa_status_lag1	0.000135375583280521	9.98121084409223e-05	3.45007738030696e-05
ctarjeta_master_descuentos_tend6	0.000134175324496196	0.000981866147181151	0.00020864753680904
cplazo_fijo_delta1	0.000133534183096149	0.000350676088778382	0.000106788109390453
vmr_msaldodolares_delta1	0.00013290428079979	0.000224973480255514	0.00018811136192626
cseguro_accidentes_personales_lag1	0.000132668770092047	0.000197532203884926	0.000181539785963771
rf_007_013	0.000132054506146603	0.0027583601129387	0.000206183195823106
vmr_msaldodolares2_lag1	0.000131699215715119	0.000193356965796836	0.000179075444977837
rf_009_008	0.000131492309976574	0.000132971651955543	1.64289399062236e-05
Visa_status_tend6	0.000129961649322545	0.000257761705844704	0.000141288883193523
rf_008_019	0.000127754704285851	6.14727882700005e-05	0.000114181132348254
vmr_mpagosdolares_delta1	0.00012601006328737	0.000409964330872849	0.000141288883193523
cseguro_vida_tend6	0.00012402162680734	0.00218712351796944	0.00025054133356991
cseguro_vivienda	0.000123912287564038	0.000355728614246848	0.00018071833896846
rf_013_021	0.000123099254351254	6.12990536859731e-05	0.000141288883193523
rf_004_025	0.000122160406271168	0.000153805897490596	8.87162754936075e-05
rf_004_015	0.000121905605667576	6.30457077685198e-05	0.000172503869015348
ctarjeta_master_debitos_automaticos_delta1	0.000121586977753309	0.000289930586431767	0.000107609556385765
rf_009_022	0.000121073189543795	0.000312113891129448	0.000158539270095058
rf_019_022	0.000120961428642045	2.86146352334285e-05	6.57157596248945e-05
vm_Fvencimiento_delta1	0.000120738725737182	0.000120847261689618	0.000186468467935638
rf_006_022	0.00012014571166581	0.000217192656943368	0.000124038496291988
ccajas_otras	0.000120120492737126	0.000548302126683233	0.000109252450376387
vm_status04_lag1	0.000117909536577029	3.38062639994558e-06	9.85736394373417e-06
Visa_Fvencimiento_delta1	0.000117415633665807	9.93292072385632e-05	0.000182361232959082
rf_002_016	0.000115599784156331	6.25776361571101e-05	0.000165110846057547
rf_014_019	0.000115098117602293	0.000132473314102955	0.000130610072254478
rf_019_016	0.000114615673266354	1.73965555629167e-05	3.69651147890031e-05
catm_trx_other_lag1	0.00011449110545456	0.000264957266197079	0.000161003611080991
rf_006_015	0.000113304244110221	0.000226675298674196	0.00014621756516539
cpayroll_trx_delta1	0.000112282067586818	0.00033136405883829	0.000124859943287299
ctarjeta_master_debitos_automaticos	0.000112003913026806	0.000178407466186084	0.000124038496291988
rf_008_016	0.000111808365146953	0.00012418441108218	8.78948284982963e-05
rf_012_018	0.000111269115212063	5.40873629013372e-05	9.77521924420305e-05
rf_010_017	0.000111127491438724	2.36511162182433e-05	8.46090405170516e-05
ccajas_extracciones	0.000110656623397616	0.000265620059299006	0.000147039012160701
active_quarter	0.000110307494566142	7.63804586056968e-05	0.000148681906151324
vmr_msaldodolares2_delta1	0.000110278378814645	0.000179943441791361	0.000165932293052858
active_quarter_lag1	0.000108738017001143	5.63743864646202e-05	0.000129788625259167
rf_007_020	0.000108309963625312	4.98617099855364e-05	8.29661465264292e-05
Visa_Finiciomora	0.000108274502414061	0.000930166319515087	0.000139645989202901
rf_017_019	0.000106297953150698	3.68964558959532e-05	9.28235104701634e-05
cseguro_accidentes_personales	0.000106067914742306	9.6117458948416e-05	0.000174968210001281
rf_003_017	0.000104865636909963	8.8107629750303e-05	7.47516765733174e-05
rf_009_015	0.00010382440816092	0.000155493637915531	0.000110895344367009
cpayroll2_trx_tend6	0.000103363470568169	0.000538770833487361	7.88589115498733e-05
ctarjeta_master_debitos_automaticos_lag1	0.000102884678900536	0.00014356240813055	0.000123217049296677
rf_020_019	0.000102277000001627	5.27074015306687e-05	0.000125681390282611
cinversion2_lag1	0.000101752671880611	0.00228560642675842	0.000165110846057547
vm_status03_tend6	0.000101601426797034	0.000221629479765379	0.0001322529662451
rf_016_021	0.000101080264887411	0.000263541777404818	0.000120752708310744
rf_016_018	0.000100773358081288	0.000171167937397385	2.05361748827795e-05
rf_003_027	0.000100580556721293	5.28732443440739e-05	8.13232525358069e-05
rf_020_013	0.000100272369984932	9.07458226524821e-05	0.000179075444977837
vmr_mpagosdolares_lag1	9.8991671671793e-05	0.000351637526137811	0.000135538754226345
Visa_Finiciomora_lag1	9.7846540136416e-05	0.0010540652392908	0.000144574671174768
rf_018_019	9.6767138050964e-05	2.73490322678203e-05	5.25726076999156e-05
rf_007_016	9.58647414798827e-05	4.37024865445396e-05	9.1180616479541e-05
rf_011_018	9.51550328141514e-05	8.51838299113201e-05	0.000110895344367009
Master_Finiciomora	9.32739363984237e-05	0.000425389100083601	8.29661465264292e-05
rf_007_006	9.29158436047809e-05	1.12014289017266e-05	1.72503869015348e-05
ctarjeta_visa	9.16438602365724e-05	0.000100482822221056	4.76439257280485e-05
Master_Finiciomora_lag1	9.16357141649375e-05	0.0014577419970466	6.8180100610828e-05
rf_014_021	9.07855336835948e-05	8.01331545282742e-05	0.00011828836732481
catm_trx_other	9.04853903583573e-05	0.000854151426225465	0.000175789656996593
ccheques_depositados_rechazados_tend6	8.98836763424818e-05	0.000412751340021047	6.48943126295833e-05
rf_006_020	8.82102185547191e-05	0.000115668178815349	0.00016018216408568
rf_005_013	8.76338157051075e-05	5.90307333299888e-05	0.000111716791362321
ccajas_consultas_lag1	8.73556582555897e-05	5.90526741867737e-05	9.61092984514081e-05
Master_fechaalta_delta1	8.69156869178824e-05	4.17220568245503e-05	0.000141288883193523
rf_002_012	8.5507497942863e-05	6.22159155497997e-05	2.7107750845269e-05
ccaja_seguridad_tend6	8.5385958755847e-05	0.00160806129293175	8.87162754936075e-05
rf_017_012	8.49043781967421e-05	4.80039062398306e-05	2.79291978405801e-05
rf_002_024	8.4806894135465e-05	4.01226001632794e-05	0.000116645473334188
vm_status04_delta1	8.47195683637441e-05	0.000635198933340929	7.31087825826951e-05
rf_015_019	8.45361677971691e-05	9.32465021742587e-05	0.000100216533427964
rf_011_025	8.44903187339618e-05	6.20920465493742e-05	8.13232525358069e-05
rf_016_022	8.39145545649184e-05	5.68972090414455e-05	0.000137181648216967
cseguro_vivienda_tend6	8.38324949294855e-05	0.000227401804092794	9.61092984514081e-05
rf_019_013	8.31598406148503e-05	6.93249555011774e-05	5.83227366670938e-05
ctarjeta_visa_descuentos_lag1	8.28607111840253e-05	0.000168465858733026	6.32514186389609e-05
rf_004_021	8.25794712054879e-05	0.000133945172685375	0.000101859427418586
rf_003_020	8.24714926716152e-05	6.53916449894148e-05	0.000124038496291988
ctarjeta_visa_descuentos_delta1	8.16650245523376e-05	0.00074003760823926	9.28235104701634e-05
rf_002_026	8.06078707855959e-05	0.000212039157281556	5.25726076999156e-05
rf_012_014	8.04507329687308e-05	0.000142377399511077	0.000110073897371698
rf_012_017	7.97979981966542e-05	3.61414475988436e-05	0.000103502321409209
cforex_sell_lag1	7.8659297583217e-05	0.000178999204444826	8.46090405170516e-05
rf_014_017	7.80385161224624e-05	7.47495215846911e-05	0.000128145731268544
rf_008_020	7.7345845635796e-05	9.06828041178432e-05	0.000101037980423275
rf_001_022	7.69701351539078e-05	4.89964770679781e-05	8.54304875123628e-05
rf_014_015	7.41534579123445e-05	7.19864479166221e-05	8.87162754936075e-05
ccheques_depositados_lag1	7.30777528498067e-05	0.000432576999926031	7.55731235686286e-05
ctarjeta_master_descuentos_delta1	7.21440143393025e-05	0.000113170072068611	7.06444415967615e-05
rf_004_017	7.16881529490733e-05	0.000117651875092409	0.000135538754226345
rf_010_016	7.11884926932781e-05	5.88323694837998e-05	6.73586536155168e-05
vm_fechaalta_delta1	7.09796431706403e-05	2.93728811800242e-05	0.000111716791362321
rf_007_019	7.08190549235704e-05	3.6922212553918e-05	9.61092984514081e-05
rf_017_013	7.01824971052427e-05	0.000202088559569658	8.29661465264292e-05
ccajas_extracciones_delta1	6.99910205028866e-05	9.91582477826667e-05	8.21446995311181e-05
rf_020_023	6.9444882375308e-05	5.3718097414421e-05	8.87162754936075e-05
rf_008_009	6.94369643265657e-05	0.000111839745020867	3.28578798124472e-05
rf_003_023	6.93429767107374e-05	5.21340195882087e-05	0.00010432376840452
cprestamos_prendarios_lag1	6.93082781768066e-05	0.00338457196727326	0.000134717307231034
rf_009_026	6.80471698207951e-05	0.000351672099609108	8.54304875123628e-05
rf_017_016	6.77957014531121e-05	2.6624030043626e-05	6.07870776530274e-05
rf_005_017	6.7002992458366e-05	4.06828002471176e-05	7.63945705639398e-05
cliente_edad_delta1	6.68449105836661e-05	3.74011534171737e-05	0.000133074413240411
ccajeros_propios_descuentos_delta1	6.67481055134284e-05	0.000109577495257669	5.33940546952267e-05
rf_001_023	6.63322425570766e-05	0.00040651253399938	0.000105145215399831
rf_008_015	6.56943816436171e-05	8.33272691917563e-05	8.13232525358069e-05
vmr_mpagosdolares	6.55191520621229e-05	0.000130743455327117	0.00010432376840452
cplazo_fijo_lag1	6.51897661342969e-05	0.000188588688608693	7.14658885920727e-05
tcallcenter_lag1	6.49625958746443e-05	2.20524400617592e-05	6.98229946014504e-05
rf_002_017	6.48021543691775e-05	5.33947660795879e-05	8.29661465264292e-05
rf_011_017	6.39078195621769e-05	8.7637679145888e-05	0.000117466920329499
rf_015_022	6.35533561234659e-05	1.97108389785687e-05	5.0108266713982e-05
cseguro_auto_tend6	6.24911802928863e-05	0.000354505216354898	8.29661465264292e-05
tcuentas	6.22634146659573e-05	0.000246073704477362	7.63945705639398e-05
cprestamos_hipotecarios	6.21990580813163e-05	0.00257909646190907	0.000102680874413898
rf_008_018	6.2196102051725e-05	4.61118470062593e-05	3.36793268077584e-05
cforex_sell	6.21731040887555e-05	7.44508195120196e-05	6.48943126295833e-05
rf_013_022	6.17774572528123e-05	4.26798807358923e-05	7.80374645545621e-05
Visa_fechaalta_delta1	6.16783991314201e-05	5.34169960122197e-05	0.000134717307231034
cseguro_vida	6.120983002386e-05	0.00070022298948334	0.000127324284273233
rf_019_017	6.08488307032054e-05	0.000102472155477132	8.29661465264292e-05
rf_010_023	6.07236324319676e-05	0.000113140991038406	8.95377224889187e-05
ccheques_emitidos_rechazados_tend6	6.04836315991864e-05	0.000198116773062663	5.42155016905379e-05
rf_005_021	5.95491392264079e-05	4.02656348923589e-05	6.40728656342721e-05
cseguro_vida_lag1	5.9159007975756e-05	0.000772817190460626	0.000113359685352943
rf_013_026	5.89531430378322e-05	0.000305858058540395	6.40728656342721e-05
rf_018_017	5.87835474820892e-05	6.88620005322591e-05	9.93950864326528e-05
rf_002_020	5.77758943019991e-05	6.338551642663e-05	6.24299716436497e-05
cforex_sell_delta1	5.74997449344423e-05	4.93897647577773e-05	5.50369486858491e-05
ccajas_depositos_delta1	5.70458606855967e-05	0.000375857052193946	6.16085246483385e-05
cforex_delta1	5.68927788547026e-05	4.13656841204088e-05	5.0108266713982e-05
rf_010_027	5.62574504696053e-05	0.000172331207513167	2.62863038499578e-05
rf_005_020	5.61314973553412e-05	6.26796799310896e-05	8.70733815029851e-05
ccajas_extracciones_lag1	5.60173802652246e-05	0.000309070616242914	8.78948284982963e-05
rf_009_019	5.59783269734797e-05	1.8653948774471e-05	2.54648568546466e-05
rf_015_013	5.51235801458646e-05	0.000185826424352995	0.000114181132348254
rf_004_026	5.45518549832784e-05	0.000221510409424013	7.55731235686286e-05
cinversion1_tend6	5.35730046713434e-05	0.000678308872214354	7.14658885920727e-05
rf_020_020	5.35525286262495e-05	0.000122861946897473	1.56074929109124e-05
rf_006_021	5.32854149271197e-05	0.000153236244626562	0.000116645473334188
rf_007_021	5.32211454848361e-05	2.72415538679178e-05	6.90015476061392e-05
Master_cadelantosefectivo_tend6	5.3051817772081e-05	5.43303889658827e-05	4.92868197186708e-05
ccajeros_propios_descuentos_lag1	5.28447118429009e-05	6.58247095157567e-05	2.62863038499578e-05
vm_status06	5.25362604695562e-05	1.80530757189644e-05	1.8071833896846e-05
rf_011_019	5.23371483063007e-05	0.0001025071625622	4.84653727233597e-05
rf_001_019	5.20213040632485e-05	4.54485335678077e-05	9.1180616479541e-05
rf_012_019	5.19355809673299e-05	6.68067001679052e-05	7.7216017559251e-05
rf_015_016	5.14264044257722e-05	5.01754150946654e-05	2.79291978405801e-05
rf_009_016	5.09461890422302e-05	3.96798805036487e-05	0.000101037980423275
rf_013_020	5.06274166057518e-05	3.83525309371283e-05	3.94294557749367e-05
rf_005_014	5.0268693399554e-05	0.000769115689870547	0.000126502837277922
cprestamos_hipotecarios_lag1	4.96465583368919e-05	0.00360592037859263	0.000116645473334188
ccajas_transacciones_lag1	4.86413901519034e-05	2.28501159538811e-05	5.83227366670938e-05
rf_010_025	4.8372652286389e-05	5.34659365531113e-05	8.13232525358069e-05
rf_013_023	4.80661452812899e-05	5.43852844692219e-06	7.39302295780063e-06
vm_status05	4.72091316114275e-05	0.000203847325930192	3.94294557749367e-05
cforex_buy	4.71682584190284e-05	0.000278305632506648	3.77865617843143e-05
cinversion2_tend6	4.6884723828504e-05	0.00223054649707755	9.69307454467193e-05
cseguro_vivienda_delta1	4.64465612827736e-05	3.56373860444865e-05	2.46434098593354e-05
rf_001_017	4.59414273268319e-05	3.57968691892584e-05	8.13232525358069e-05
cseguro_accidentes_personales_tend6	4.56917429334106e-05	0.000311728379579932	7.22873355873839e-05
cprestamos_prendarios_tend6	4.49860556538127e-05	0.00115694409557703	8.6251934507674e-05
rf_004_023	4.472017213813e-05	5.40786328107588e-05	5.66798426764715e-05
rf_007_018	4.41158964604774e-05	3.14528397141244e-05	3.94294557749367e-05
cforex	4.40063794568473e-05	5.05128244232459e-05	4.60010317374261e-05
cseguro_auto_lag1	4.32703762509738e-05	0.000147101505909804	5.42155016905379e-05
rf_002_019	4.19848351074064e-05	7.61460180938062e-05	7.31087825826951e-05
rf_012_008	4.17559691118692e-05	7.64683376631749e-05	6.32514186389609e-05
rf_010_022	4.14338279680093e-05	0.000270328584509581	4.76439257280485e-05
vm_status01_delta1	4.12585860470135e-05	0.000190707759104888	2.79291978405801e-05
ccheques_depositados	4.10086051284917e-05	0.000296873494493892	5.42155016905379e-05
rf_009_024	4.07945145842418e-05	3.17688285224445e-05	7.39302295780063e-05
rf_020_015	4.06797214414344e-05	5.34709086576791e-05	5.33940546952267e-05
ccheques_depositados_delta1	4.06182223227596e-05	0.000574614648594167	6.07870776530274e-05
rf_011_023	4.03195432231787e-05	3.51265601153103e-05	5.09297137092932e-05
vm_Finiciomora_delta1	4.0173926542635e-05	0.000235522696231312	2.87506448358913e-05
Visa_cadelantosefectivo_tend6	3.96393248858851e-05	0.000524686798054845	5.17511607046044e-05
rf_003_028	3.92877040318888e-05	0.000297163813367002	7.55731235686286e-05
ccajas_otras_lag1	3.86517041540116e-05	5.080126430335e-05	3.36793268077584e-05
rf_017_014	3.83287928541087e-05	7.69962190673221e-05	9.20020634748522e-05
rf_012_006	3.82145451090666e-05	1.76098068152245e-05	9.03591694842298e-06
rf_010_026	3.8093999752074e-05	2.69226453935433e-05	3.36793268077584e-05
vm_status02_lag1	3.80172375295413e-05	5.81208092864894e-05	1.97147278874683e-05
rf_005_016	3.78604183730764e-05	4.00641779346072e-05	6.65372066202056e-05
cforex_lag1	3.70742201202001e-05	5.13657138021386e-05	4.51795847421149e-05
rf_006_017	3.69625319855613e-05	6.03631706314159e-05	8.37875935217404e-05
rf_010_015	3.68739891806759e-05	5.83758898138535e-05	7.31087825826951e-05
rf_001_020	3.62286198074816e-05	5.42054214772387e-05	3.45007738030696e-05
rf_016_020	3.605294651775e-05	2.04115010164484e-05	3.61436677936919e-05
rf_017_017	3.58555314892207e-05	9.02711022965921e-05	7.31087825826951e-05
rf_004_022	3.46518392522511e-05	6.22791942527009e-05	6.73586536155168e-05
rf_003_024	3.45956112107446e-05	1.88856141582307e-05	4.35366907514926e-05
rf_016_016	3.42011584697e-05	7.73249850280782e-05	8.29661465264292e-05
ctarjeta_debito_delta1	3.37479154568482e-05	0.00125662496358343	8.6251934507674e-05
Visa_Finiciomora_delta1	3.36573773979257e-05	0.000376116786842447	2.46434098593354e-05
rf_014_022	3.1922014950525e-05	3.76290029997534e-05	4.68224787327373e-05
vm_status03_delta1	3.18151624899504e-05	0.000164342162868451	3.45007738030696e-05
rf_016_023	3.1727636361531e-05	5.69291808301202e-05	5.9144183662405e-05
rf_006_024	3.13687512609158e-05	4.60932016141299e-05	7.06444415967615e-05
rf_009_020	3.12961456413065e-05	1.48885913297964e-05	2.87506448358913e-05
rf_012_015	3.12244640542168e-05	4.24256096208997e-05	4.68224787327373e-05
Master_status_delta1	3.09639859670081e-05	0.000231878895180287	3.03935388265137e-05
rf_017_004	2.98187826628547e-05	0.000374875495155568	8.87162754936075e-05
rf_001_024	2.96507139856304e-05	0.00016021178935181	7.80374645545621e-05
rf_014_018	2.94104332790426e-05	4.49581163934274e-05	2.62863038499578e-05
rf_003_025	2.93651034087661e-05	7.57794699198514e-05	1.23217049296677e-05
rf_006_010	2.93055067731921e-05	0.000191058003401073	8.46090405170516e-05
rf_010_010	2.9274459432532e-05	7.06420428751305e-05	7.7216017559251e-05
rf_012_020	2.90309821835246e-05	6.88812240760824e-05	4.84653727233597e-05
vm_status02_delta1	2.90025936049533e-05	5.18264428870354e-05	1.8071833896846e-05
cseguro_auto	2.89333945591316e-05	0.000132452558457143	4.27152437561814e-05
ctarjeta_master_tend6	2.86507544261781e-05	4.46712086153123e-05	4.35366907514926e-05
rf_015_018	2.85127228271098e-05	9.42719409262064e-05	3.77865617843143e-05
rf_005_022	2.80457562898528e-05	5.86692728909407e-05	4.1072349765559e-05
rf_011_024	2.79396321021303e-05	0.000147447442975869	3.12149858218249e-05
cforex_buy_delta1	2.76294372251977e-05	0.000110520345040138	2.30005158687131e-05
rf_020_004	2.76003183653819e-05	6.05568803564688e-05	2.87506448358913e-05
Master_status_lag1	2.7474846108757e-05	6.05693395254731e-05	1.72503869015348e-05
rf_011_026	2.73043866511437e-05	1.27328371086213e-05	1.47860459156013e-05
rf_004_018	2.67560295154464e-05	3.06835510701746e-05	4.51795847421149e-05
rf_002_018	2.66980646402473e-05	7.09428841090696e-05	4.02509027702479e-05
ccajeros_propios_descuentos	2.65428026151798e-05	6.90902837286093e-06	1.72503869015348e-05
rf_020_022	2.52978936295482e-05	3.47259877141675e-05	2.46434098593354e-05
rf_008_022	2.51954956743485e-05	2.37420883872839e-05	3.53222207983808e-05
rf_019_018	2.48658116291653e-05	0.0001766833600196	3.86080087796255e-05
rf_007_010	2.45594482612571e-05	6.45254870291462e-05	2.13576218780907e-05
rf_004_010	2.41535835990301e-05	4.29806641546619e-05	1.15002579343565e-05
cinversion1	2.3886156930597e-05	0.00176321136420316	6.8180100610828e-05
rf_013_017	2.38119889417493e-05	2.54383565497042e-05	5.0108266713982e-05
active_quarter_delta1	2.3049485952858e-05	2.76775669678988e-05	5.99656306577162e-05
cpagodeservicios_lag1	2.29437946753321e-05	1.36645285633974e-05	1.47860459156013e-05
rf_013_016	2.2489419081443e-05	0.000138158857861111	5.50369486858491e-05
rf_008_006	2.16521391680554e-05	2.08971484393537e-05	4.92868197186708e-06
ccheques_emitidos_lag1	2.12438407052011e-05	0.000201844319386555	2.95720918312025e-05
ctarjeta_master_lag1	2.11164067765046e-05	0.00103470022174796	3.12149858218249e-05
ctarjeta_visa_tend6	2.07698195873532e-05	9.05669425183786e-05	3.53222207983808e-05
rf_003_026	2.06014496043507e-05	6.38665675435686e-05	4.18937967608702e-05
cinversion1_lag1	2.00270022336158e-05	0.000102503549114113	3.45007738030696e-05
ctarjeta_master_descuentos_lag1	1.99710756033867e-05	2.98138374769883e-05	1.88932808921572e-05
rf_005_019	1.99600048588738e-05	1.65931559690247e-05	3.69651147890031e-05
rf_014_010	1.9488043226506e-05	1.83697583093173e-05	2.05361748827795e-05
ccajas_depositos_lag1	1.9288460607053e-05	0.00025807619145862	2.79291978405801e-05
Visa_delinquency	1.86903201272522e-05	0.000118232483931044	2.79291978405801e-05
rf_017_008	1.81001288731676e-05	5.48858771134154e-05	3.12149858218249e-05
rf_005_018	1.79467752860459e-05	5.28927858713289e-06	1.31431519249789e-05
rf_003_021	1.77488364148053e-05	6.26843629598105e-05	3.77865617843143e-05
rf_019_025	1.74919495758186e-05	3.24459886939658e-05	2.46434098593354e-05
rf_001_018	1.7141757708785e-05	5.08650922503604e-05	2.21790688734019e-05
ctarjeta_visa_descuentos	1.7069072488059e-05	6.0164893507981e-05	2.7107750845269e-05
rf_001_016	1.69512012100794e-05	2.34035516629003e-05	2.54648568546466e-05
rf_018_016	1.65550656841565e-05	4.47045679680523e-05	1.23217049296677e-05
rf_014_020	1.64669977859728e-05	2.78523711325601e-05	3.2036432817136e-05
rf_019_019	1.62537267557723e-05	2.45979263398158e-05	3.03935388265137e-05
vm_status06_lag1	1.60133027382598e-05	1.30832837579e-06	4.1072349765559e-06
rf_016_012	1.59178544036473e-05	1.59998567007087e-05	2.62863038499578e-05
ccajas_depositos	1.58613757194335e-05	3.94614837012648e-05	2.95720918312025e-05
ctarjeta_visa_lag1	1.50047947839357e-05	2.85883871465239e-05	1.64289399062236e-05
rf_013_008	1.46141370804436e-05	0.000185125126348252	3.45007738030696e-05
ccheques_emitidos_delta1	1.45395109436409e-05	6.71374318444206e-05	1.97147278874683e-05
ccaja_seguridad_delta1	1.44100649455035e-05	0.000731585319549779	2.87506448358913e-05
rf_002_022	1.42730840561688e-05	7.28789406865494e-05	3.03935388265137e-05
rf_009_023	1.42502089997929e-05	2.38216998755388e-05	3.12149858218249e-05
ccheques_depositados_rechazados_delta1	1.36594790744952e-05	1.78063494835777e-05	1.15002579343565e-05
Visa_delinquency_delta1	1.3603703167488e-05	1.25119831615382e-05	2.46434098593354e-05
rf_016_014	1.33570571223565e-05	1.28336667640436e-05	1.64289399062236e-05
cseguro_accidentes_personales_delta1	1.32380491644994e-05	5.58883343355291e-05	1.88932808921572e-05
rf_001_014	1.32111190560161e-05	3.99025845361524e-05	2.46434098593354e-05
ctarjeta_visa_delta1	1.30791284908829e-05	6.75223363346578e-07	4.92868197186708e-06
cseguro_vida_delta1	1.3016514823723e-05	2.1209119093401e-05	1.88932808921572e-05
rf_010_024	1.29712290364918e-05	2.65175634091878e-05	1.72503869015348e-05
rf_019_009	1.24763925763298e-05	5.74460195369133e-06	8.21446995311181e-06
rf_011_016	1.2049647388899e-05	0.000161223005572087	1.56074929109124e-05
rf_018_022	1.17421652916106e-05	8.01587088331461e-06	1.23217049296677e-05
Master_delinquency_lag1	1.17414101281792e-05	2.53646422087275e-05	9.03591694842298e-06
rf_020_018	1.16283841774425e-05	1.17761116854979e-05	1.64289399062236e-05
rf_017_018	1.13259818051779e-05	1.70032389655327e-05	1.88932808921572e-05
rf_019_026	1.10663182813701e-05	4.25405172700692e-05	9.03591694842298e-06
rf_004_024	1.09041951573775e-05	1.07348026695517e-05	1.47860459156013e-05
rf_010_018	1.08514223521516e-05	1.33329874745105e-05	1.47860459156013e-05
rf_004_027	9.97956979471045e-06	1.82620197411525e-05	7.39302295780063e-06
rf_005_008	9.78579757617106e-06	1.52736114503724e-05	4.92868197186708e-06
vm_cadelantosefectivo_tend6	9.7783818600209e-06	1.13678787744104e-05	8.21446995311181e-06
Master_cadelantosefectivo_delta1	9.54416015740242e-06	2.9085395250215e-05	7.39302295780063e-06
ctarjeta_master_delta1	9.02756413298154e-06	2.31436146613072e-05	8.21446995311181e-06
ccheques_depositados_rechazados_lag1	8.91006555444805e-06	1.01746893084676e-05	5.75012896717826e-06
rf_009_025	8.85833023247913e-06	5.67369164843021e-06	1.56074929109124e-05
cinversion1_delta1	8.64263681119686e-06	0.000365909431963272	1.64289399062236e-05
rf_011_010	8.62984327610992e-06	1.92865623579746e-06	3.28578798124472e-06
rf_004_020	8.55335177239572e-06	3.67087878561019e-05	1.64289399062236e-06
rf_014_014	8.36943424791047e-06	3.79195820411251e-05	1.72503869015348e-05
Master_delinquency	8.32874758985806e-06	7.01809668992175e-06	8.21446995311181e-06
cprestamos_hipotecarios_tend6	7.92924923129736e-06	0.000298760812883574	1.8071833896846e-05
rf_011_012	7.83035147458369e-06	1.97962030761782e-06	3.28578798124472e-06
vm_cadelantosefectivo_delta1	7.46990789647916e-06	9.85536745563189e-05	7.39302295780063e-06
cpagodeservicios_delta1	7.3864729849098e-06	1.73682550374985e-05	8.21446995311181e-06
rf_005_003	7.25889416670756e-06	0.000250104375734383	3.28578798124472e-05
rf_007_014	7.18147285927563e-06	5.10406769198084e-06	5.75012896717826e-06
rf_011_020	7.14857375524258e-06	3.49428813221471e-05	5.75012896717826e-06
cpagodeservicios	7.13458104175758e-06	1.10526993784618e-05	6.57157596248944e-06
Visa_delinquency_lag1	7.01606550151942e-06	2.73259351076476e-05	1.97147278874683e-05
rf_020_014	6.89934420608761e-06	0.000156977955666955	2.30005158687131e-05
vm_status05_lag1	6.88835029626734e-06	2.96071482464066e-06	5.75012896717826e-06
rf_001_010	6.75356798336855e-06	1.20136164013663e-05	1.15002579343565e-05
cprestamos_prendarios_delta1	6.71317180765562e-06	1.13962371149979e-05	9.03591694842298e-06
cforex_buy_lag1	6.24498334324244e-06	1.08892269870017e-05	5.75012896717826e-06
vmr_madelantopesos_delta1	6.14464692489666e-06	4.08277139692024e-05	5.75012896717826e-06
rf_016_008	5.77445256556434e-06	2.50848456964477e-06	9.03591694842298e-06
rf_018_018	5.40991609434433e-06	5.42124171127353e-06	6.57157596248944e-06
rf_016_024	5.29713589427698e-06	1.40136743713647e-05	2.05361748827795e-05
rf_003_019	5.07797364294409e-06	0.00039677426249708	1.64289399062236e-05
cseguro_auto_delta1	4.72060698481715e-06	7.5647391165372e-06	5.75012896717826e-06
rf_018_014	4.67525888661949e-06	0.000408766024764415	2.13576218780907e-05
vm_status03	4.50954711281173e-06	2.34862562627177e-06	9.03591694842298e-06
rf_018_020	4.49535267309203e-06	2.18350550248396e-06	1.64289399062236e-06
Visa_status_delta1	4.30578065209909e-06	2.82826894383558e-05	9.03591694842298e-06
rf_002_008	4.26574161860446e-06	6.24860569287908e-06	4.1072349765559e-06
ccheques_emitidos_rechazados	4.17445942482655e-06	5.88052541693542e-06	3.28578798124472e-06
rf_006_018	3.96960474745318e-06	0.00023248393092799	1.8071833896846e-05
Visa_cadelantosefectivo	3.94606992629424e-06	4.96525347026707e-06	3.28578798124472e-06
Visa_cadelantosefectivo_delta1	3.89925693623196e-06	9.73977469670502e-06	4.1072349765559e-06
rf_016_019	3.30517646895581e-06	3.42436357559176e-06	1.64289399062236e-06
tcuentas_delta1	3.2837700750649e-06	6.61939750026729e-05	1.23217049296677e-05
ctarjeta_master_descuentos	3.25056971995697e-06	3.17149158769851e-05	1.06788109390453e-05
vmr_madelantopesos_tend6	3.0264096989126e-06	0.000164030018768895	8.21446995311181e-06
Master_delinquency_delta1	2.92887042246859e-06	9.25447416481606e-07	3.28578798124472e-06
vm_cadelantosefectivo_lag1	2.61704449630403e-06	0.000276075267809371	7.39302295780063e-06
vmr_madelantopesos	2.59053124064497e-06	3.7117916902315e-06	1.64289399062236e-06
vmr_madelantopesos_lag1	2.50938958910965e-06	0.000237016929284287	6.57157596248944e-06
rf_006_016	2.256805965706e-06	0.000317872339816209	1.23217049296677e-05
cpayroll2_trx_delta1	2.07382968574301e-06	1.45679773079248e-06	1.64289399062236e-06
Master_cadelantosefectivo_lag1	1.83019231431453e-06	1.02266362381676e-06	1.64289399062236e-06
cinversion2_delta1	1.77677518235832e-06	7.79383172525891e-06	3.28578798124472e-06
vm_cadelantosefectivo	1.71341089604829e-06	1.57257260750295e-07	8.21446995311181e-07
rf_006_014	1.03186431378056e-06	2.131645295538e-06	3.28578798124472e-06
rf_014_006	7.60883786831181e-07	1.38990557980421e-06	3.28578798124472e-06
cliente_antiguedad_tend6	7.43958464582225e-07	3.45175640285039e-05	2.46434098593354e-06
rf_015_020	6.45730495077721e-07	1.25285472075694e-07	1.64289399062236e-06
vm_status03_lag1	4.50078749286775e-07	1.00870126040823e-06	1.64289399062236e-06
ccheques_emitidos_rechazados_delta1	4.0285435914703e-07	7.17052638402768e-07	8.21446995311181e-07
rf_006_012	3.59229020264332e-07	6.4083490059133e-06	2.46434098593354e-06
rf_010_020	3.16695348257655e-07	3.75509525210722e-07	8.21446995311181e-07
Master_Finiciomora_delta1	1.57737450998957e-07	4.08579802103799e-07	8.21446995311181e-07
cpayroll2_trx_lag1	1.44180144525509e-07	1.45260613101145e-07	8.21446995311181e-07
cliente_vip	1.44119330085063e-07	8.4121071467529e-08	8.21446995311181e-07
Master_cadelantosefectivo	1.20092437110192e-07	1.29968500796567e-07	8.21446995311181e-07
cliente_vip_lag1	6.94385017042106e-08	1.11628083685717e-05	8.21446995311181e-07
ccuenta_corriente	6.85102179567425e-08	1.90492310876143e-05	8.21446995311181e-07
