Feature	Gain	Cover	Frequency
rf_019_015	0.055751907046869	0.000821236783508184	0.000141288883193523
ctrx_quarter_normalizado	0.0424617843637607	0.00491099312231689	0.000947949832589102
ctrx_quarter	0.0200694849019591	0.00268795085351154	0.00108184569282482
rf_001_025	0.0173200801800322	0.00244868694390513	0.000130610072254478
rf_016_017	0.0152615111580799	0.00193852055942622	0.000122395602301366
rf_011_015	0.0117928008911676	0.000262880180532617	0.000110073897371698
rf_013_015	0.010526563380675	0.000762055435650621	0.000151146247137257
mprestamos_personales_rank	0.00955363619342329	0.0133240740279518	0.00339832621960235
rf_009_018	0.00911330948797543	0.00614712377236949	0.000157717823099747
cpayroll_trx	0.00882357030320458	0.00265669461618341	0.000247255545588665
rf_018_021	0.00757147335685264	0.00276664822754476	0.000142110330188834
mcuentas_saldo_rank	0.00710802684185425	0.00888746501084141	0.002608094210113
mpayroll_sobre_edad_rank	0.00688375318711564	0.00484608459925068	0.00219162058349023
rf_008_021	0.00592088221891927	0.00129073079894989	0.000143753224179457
mpasivos_margen_rank	0.00511529086064795	0.0026331390294898	0.00170778830325194
foto_mes	0.00493639985555508	0.0103645313232309	0.00170943119724257
ccomisiones_mantenimiento_tend6	0.00475260671865643	0.00418113838713638	0.00120834853010275
mpayroll_rank	0.00463704181719625	0.00449165851144732	0.00211686890691691
mcaja_ahorro_rank	0.00405154289578005	0.00328082440617704	0.00177514695686746
rf_015_015	0.00387221932767561	0.00266351626664793	0.000174968210001281
rf_007_017	0.00386807602014667	0.00496155232889207	0.000245612651598043
mcuenta_corriente_rank	0.00338903748146588	0.0034517226626519	0.00282742055786108
cliente_edad_lag1	0.0033888945485413	0.00663277012842769	0.00359629494547235
ctrx_quarter_normalizado_lag1	0.00326433740837844	0.000815904660350795	0.000735195060803507
mcuenta_corriente_rank_tend6	0.00319098807210686	0.00579672440582044	0.00308371202039817
mtarjeta_visa_consumo_rank	0.00313269890047255	0.00154833433000454	0.00117138341531374
mcuentas_saldo_rank_delta1	0.00310805509692862	0.00885919277959245	0.00295967352410618
mprestamos_personales_rank_lag1	0.00310017733411216	0.00215294478325004	0.00256702186034744
mrentabilidad_annual_rank_lag1	0.00308482602136503	0.00301830525076828	0.00256702186034744
ctrx_quarter_lag1	0.00306959591974515	0.000847636180734097	0.000924949316720389
mprestamos_personales_rank_tend6	0.00288403970902318	0.00231044354086697	0.00307960478542162
cliente_edad	0.00284738783728544	0.00435233876933286	0.00345582750927414
mactivos_margen_rank	0.00283007959247754	0.00646092234219561	0.00219490637147147
mcuenta_corriente_rank_lag1	0.00273411560379805	0.00281390800245413	0.00268038154570038
mrentabilidad_annual_rank	0.00264500817251388	0.00285098664432745	0.00245284072799919
numero_de_cliente	0.00262215279589905	0.00358788057776461	0.00343282699340542
mcuentas_saldo_rank_tend6	0.0025290450858207	0.00271121289318433	0.00286109988466884
mrentabilidad_annual_rank_delta1	0.00252807538296641	0.00561884029448695	0.00283645647480951
rf_002_015	0.00249895329931004	0.00332326790269374	0.000335150374086962
ctrx_quarter_tend6	0.00247457710607867	0.00192600115466659	0.00211111877794973
mcuenta_debitos_automaticos_rank	0.00246424564549216	0.00346999538174883	0.00260562986912706
cprestamos_personales	0.00236095013748521	0.00618437283675563	0.000597191965591228
rf_015_021	0.00235191070411427	0.00072192444596748	0.000159360717090369
internet_tend6	0.00233697591855089	0.0047860768173563	0.00211358311893567
mtransferencias_recibidas_rank	0.00230963924874247	0.00275032886135067	0.00238137483940711
cdescubierto_preacordado_delta1	0.00225731677849911	0.0134563554642248	0.000441938483477415
mactivos_margen_rank_tend6	0.00225118385269305	0.00269651294388822	0.00282988489884702
Master_fechaalta_lag1	0.00224891625535335	0.00259909923404817	0.00243312600011172
mplazo_fijo_dolares_rank	0.00223795891716881	0.00437512077599869	0.00287835027157038
mcaja_ahorro_rank_tend6	0.00220223384832217	0.00207403276897094	0.00273131125940968
cdescubierto_preacordado_tend6	0.00218959472645645	0.00789093171701109	0.00051504726606011
mttarjeta_visa_debitos_automaticos_rank_tend6	0.0021771467498397	0.0016202768695618	0.00270091772058316
chomebanking_transacciones_tend6	0.00214843225262953	0.00387287679293407	0.002410125484243
Master_Fvencimiento	0.00212811491004848	0.00203378377897023	0.00266148826480823
Master_fechaalta	0.00208625423865917	0.00256344900343558	0.00242573297715392
cproductos_delta1	0.00207819962673255	0.0104898690496721	0.000700694287000437
mcuentas_saldo_rank_lag1	0.00207666665675381	0.00269739775915072	0.00191890018104692
chomebanking_transacciones	0.00207481601395495	0.00357198441788148	0.00189507821818289
cliente_antiguedad	0.00207333854347417	0.00409846757767169	0.00255880739039433
mcaja_ahorro_dolares_rank_tend6	0.0020555200927044	0.00173853872236098	0.00294817326617183
mcomisiones_otras_rank_tend6	0.00205419546381717	0.00406913838139222	0.00212836916485127
mrentabilidad_annual_rank_tend6	0.00205301852118338	0.00263765911240368	0.00287013580161727
mcomisiones_mantenimiento_rank_tend6	0.00202859378852282	0.00159491005428053	0.00260234408114582
mrentabilidad_rank_tend6	0.00202634497553633	0.00315497598794913	0.00265327379485511
mprestamos_personales_rank_delta1	0.00202552561010552	0.00143197645939713	0.00246269809194292
mcomisiones_mantenimiento_rank	0.00202311603704634	0.00358725033113063	0.00236905313447745
mcaja_ahorro_dolares_rank_lag1	0.00200079715097752	0.00168994041103632	0.00239944667330396
tcallcenter_tend6	0.00199054424919996	0.00419165178649724	0.00136031622423532
Visa_fechaalta_lag1	0.00197971249168389	0.00142489301461984	0.00189179243020165
mcuenta_debitos_automaticos_rank_tend6	0.00197370383203628	0.00177934786122224	0.0028726001426032
mcheques_depositados_rechazados_rank_tend6	0.00194435162465717	0.000909127185454148	0.0027551332222737
mtransferencias_emitidas_rank_tend6	0.00191335946964465	0.00111617127963293	0.00276416913922212
mcaja_ahorro_dolares_rank	0.00190192675299683	0.00408272330109559	0.00273623994138154
cproductos_tend6	0.00187997311650455	0.00635325757427161	0.00109334595075918
mpagomiscuentas_rank_tend6	0.00187580064991832	0.00225603272792693	0.0028652071196454
vm_madelantopesos_rank	0.00187481711390321	0.00103478612378689	0.00286849290762664
Master_Fvencimiento_lag1	0.00186152183495188	0.00160111613978026	0.00244134047006483
Visa_mfinanciacion_limite_rank_tend6	0.00185440581585352	0.00179302150426759	0.00267791720471445
ctarjeta_visa_transacciones_tend6	0.00183588575821308	0.0031030551285266	0.00149010484949448
mcuenta_corriente_rank_delta1	0.00183315842153222	0.00111534766677959	0.00256784330734275
mprestamos_hipotecarios_rank_tend6	0.00182621529101323	0.0012407649908978	0.00290381512842502
mactivos_margen_rank_lag1	0.001825498552066	0.0026849620399054	0.00194107924992032
vm_mlimitecompra_rank_tend6	0.00182198238567605	0.0011040773554036	0.00242080429518205
mpasivos_margen_rank_tend6	0.00181721338569573	0.00105796200221292	0.00223680016823234
Master_msaldodolares_rank_tend6	0.00181508701276844	0.00221647101276929	0.00270666784955034
Master_mconsumosdolares_rank_tend6	0.00181436152986693	0.00143734321402123	0.00267709575771914
rf_015_024	0.00180411147065316	0.00593975694055707	0.000135538754226345
mpayroll_rank_tend6	0.00180253901245349	0.00170541952515202	0.00268613167466756
Master_fultimo_cierre_tend6	0.00180146570117222	0.00271733218411038	0.00165357280156141
vm_msaldodolares_rank_tend6	0.00180054149164899	0.00110051866273264	0.00268531022767225
Master_mconsumospesos_rank_tend6	0.00178384611100839	0.00139384911453066	0.00289642210546722
mtarjeta_master_consumo_rank_tend6	0.00178302662931102	0.00147826974866074	0.00265080945386918
Master_madelantodolares_rank_tend6	0.00177446760450868	0.00102357856934975	0.00261713012706142
vm_mpagado_rank_tend6	0.00176933875407293	0.00112065051296138	0.00282167042889391
mtransferencias_recibidas_rank_tend6	0.00176534929222119	0.00137716590202921	0.0027107750845269
rf_017_020	0.00176479696265994	0.00112980390036734	0.000110073897371698
vm_madelantodolares_rank_tend6	0.00176450164011023	0.00119859857490236	0.00279866991302519
mcheques_emitidos_rank_tend6	0.00176241477792111	0.00138605015428781	0.00293995879621872
Master_msaldopesos_rank_tend6	0.00176113395820625	0.000974464989012099	0.00242819731813985
mrentabilidad_rank	0.0017558495743266	0.00131157004654475	0.00207743945114198
matm_other_rank_tend6	0.00174862339132422	0.00112655752422367	0.00263520196095827
Visa_Fvencimiento	0.00174424387959299	0.00140079904248118	0.00241423271921956
mcomisiones_rank_tend6	0.00174108256835165	0.00197906145555531	0.00215054823372467
minversion1_dolares_rank_tend6	0.00173930303140397	0.00105910236488188	0.00274199007034872
mtarjeta_master_consumo_rank	0.00173048438264035	0.0019254738236548	0.00225651489611981
mextraccion_autoservicio_rank_tend6	0.00173034154779388	0.000895362688785408	0.00258016501227242
matm_rank_tend6	0.00172714560077587	0.00159870451728594	0.00277156216217992
minversion1_pesos_rank_tend6	0.00171994404758641	0.0012488774191714	0.0028068843829783
mforex_sell_rank_tend6	0.00170860582021095	0.00124794337713578	0.00270748929654565
mtarjeta_visa_descuentos_rank_tend6	0.00169790955009451	0.000958909299915983	0.0028068843829783
mplazo_fijo_dolares_rank_tend6	0.00169775053075787	0.00100702962215232	0.00263684485494889
mcomisiones_otras_rank	0.00169211869383164	0.00164428174411985	0.0014695686746117
ccallcenter_transacciones_tend6	0.00169182202145575	0.00338980514104841	0.00141699606691179
mpayroll_sobre_edad_rank_tend6	0.00168361729106433	0.00187469609050955	0.00264259498391607
mpagodeservicios_rank_tend6	0.00168105746264747	0.00180164862580246	0.00289231487049067
mpagomiscuentas_rank	0.00167899512741116	0.00381498052294344	0.00240601824926645
mcheques_emitidos_rechazados_rank_tend6	0.00167798527823901	0.00118428602015946	0.00275759756325963
mcomisiones_otras_rank_lag1	0.00167741600219327	0.00124068896288152	0.00142931777184145
chomebanking_transacciones_delta1	0.00167703396774389	0.00314606291931632	0.00191972162804223
ctarjeta_visa_debitos_automaticos_tend6	0.00167454383590507	0.00292244989935499	0.00139153121005714
mcuenta_corriente_adicional_rank_lag1	0.00167264507950848	0.00132778897284912	0.00269434614462067
vm_fultimo_cierre_tend6	0.00167003146760311	0.00139767245148546	0.00142849632484614
minversion1_pesos_rank	0.00166721219004576	0.00109624088493538	0.0027625262452315
vm_mpagosdolares_rank_tend6	0.00166720309208005	0.000878773496541878	0.00266230971180354
mplazo_fijo_pesos_rank_tend6	0.00165929058427031	0.00123585362710652	0.00291202959837814
Master_mpagosdolares_rank_tend6	0.00165928632888985	0.00205521564782335	0.00274691875232059
mautoservicio_rank_tend6	0.00165768706049505	0.00169747749060365	0.00271570376649876
mcuenta_corriente_adicional_rank_tend6	0.00165547528653495	0.000894519557948343	0.00265820247682698
mcomisiones_mantenimiento_rank_delta1	0.00165520912278858	0.0012215215255923	0.00247419834987728
Master_msaldototal_rank_tend6	0.00165466999459814	0.00102130066519531	0.00244462625804607
cliente_antiguedad_lag1	0.00165343275822086	0.00244833976561043	0.00229430145790413
Master_mlimitecompra_rank_tend6	0.00165135842328939	0.00104484934286812	0.00264177353692076
mprestamos_prendarios_rank_tend6	0.00165041741977664	0.00136199711809733	0.00284384949776731
Visa_msaldodolares_rank_tend6	0.00163714153720366	0.00104126730346441	0.00251855648762408
mttarjeta_master_debitos_automaticos_rank_tend6	0.00163417969446189	0.00189342900796626	0.00278716965509084
thomebanking_tend6	0.00163269522986785	0.00409217052339822	0.00202733118442799
ctrx_quarter_delta1	0.00162800431790867	0.00161904087453007	0.00169218081034103
minversion2_rank_tend6	0.00162698437461616	0.000879475539416895	0.00259987974015989
rf_004_016	0.00161966160158712	0.00270889618336312	0.000272720402443312
Master_mpagospesos_rank_tend6	0.00161829603441027	0.000776745913830731	0.00254484279147404
Master_mpagado_rank_tend6	0.00161498415281971	0.000965310651615787	0.00245530506898512
ctrx_quarter_normalizado_tend6	0.00161267596622838	0.00221027039691102	0.00191643584006098
Visa_mlimitecompra_rank_tend6	0.00161080254506168	0.000989870176605341	0.00247337690288197
Visa_fechaalta	0.00160691560125439	0.00135659386081339	0.00183182679954393
vm_mconsumospesos_rank_tend6	0.00160653373857454	0.00119969535316517	0.00228772988194164
mtarjeta_master_descuentos_rank	0.00160481833904075	0.00149853675660869	0.00275020454030183
mcheques_depositados_rechazados_rank	0.00160344114519296	0.0010160835196589	0.00254895002645059
mtarjeta_visa_consumo_rank_tend6	0.00160319975671431	0.00106732709353091	0.00228280119996977
Master_mfinanciacion_limite_rank_tend6	0.00160120465969599	0.00109521129689975	0.00263602340795358
Master_mpagominimo_rank_tend6	0.00159915487090983	0.000909416011310754	0.00248405571382101
mcomisiones_mantenimiento_rank_lag1	0.00159624222385406	0.00206197678678079	0.00218094177255118
Visa_Fvencimiento_lag1	0.00159256373435357	0.00121738328122741	0.00231237329180097
vm_mfinanciacion_limite_rank_tend6	0.00158525267281365	0.00156818757396993	0.00253662832152093
vm_mconsumosdolares_rank_tend6	0.00158436574609194	0.000826334316622169	0.00267298852274258
vm_madelantopesos_rank_tend6	0.00158336857884854	0.00119539981342697	0.00277895518513772
mcheques_emitidos_rechazados_rank	0.00158158201302036	0.00096600598698312	0.00264834511288325
mcajeros_propios_descuentos_rank_tend6	0.00158120757781376	0.00107440826408886	0.00262780893800047
mcuenta_debitos_automaticos_rank_lag1	0.00158099111840466	0.00112671182568798	0.00228937277593226
mprestamos_hipotecarios_rank_lag1	0.00157607601537603	0.00145233889819473	0.00256948620133337
Master_mconsumototal_rank_tend6	0.00157484818178251	0.00099037159878917	0.00253416398053499
mforex_buy_rank	0.00157168184274089	0.000992698873654672	0.00267873865170976
vm_mfinanciacion_limite_rank_delta1	0.00157165395302237	0.000727711873594926	0.00246023375095699
mprestamos_hipotecarios_rank	0.00156474750629158	0.00134569093661791	0.00274116862335341
mplazo_fijo_pesos_rank_lag1	0.00156199747840715	0.00157318201873621	0.0025054133356991
cprestamos_personales_lag1	0.00155952911124161	0.00375942517313436	0.000482189386247663
mcomisiones_rank	0.00155827649465257	0.00118998322749042	0.00142438908986959
vm_madelantodolares_rank_lag1	0.00155341534658114	0.000772397577658655	0.00241833995419612
mcheques_emitidos_rechazados_rank_lag1	0.00155073345496584	0.000958342299609822	0.00256620041335213
mtarjeta_visa_descuentos_rank_lag1	0.00155055118748347	0.000902579535239117	0.0026228802560286
mforex_buy_rank_lag1	0.0015485709782157	0.00083987107469312	0.00251937793461939
mpayroll2_rank_tend6	0.00154771468791925	0.00132098376009656	0.00256866475433806
mcaja_ahorro_adicional_rank_tend6	0.00154572404853623	0.00109182898577204	0.00273048981241436
mcheques_emitidos_rank	0.00154490261121509	0.00116673143619847	0.00280277714800175
mforex_sell_rank_lag1	0.00154367910377892	0.000910474099057145	0.00242737587114454
vm_mpagosdolares_rank_lag1	0.00154145424285099	0.00104186139288958	0.0023805533924118
minversion1_dolares_rank	0.00154103814655613	0.000891653840062613	0.00261302289208487
mforex_buy_rank_tend6	0.0015297038475755	0.00119683861700647	0.00273870428236748
ccajas_consultas_tend6	0.00152362084921838	0.00520323785028535	0.00122888470498553
mpayroll2_rank_lag1	0.00152071937837122	0.000909609550255631	0.00259166527020677
mpayroll2_rank	0.00151869392082312	0.00125390142878915	0.00259905829316458
mcomisiones_rank_lag1	0.00151718976232876	0.00117360211192301	0.00149503353146635
vm_Fvencimiento_lag1	0.00151385305095009	0.00137144632674344	0.00218340611353712
Master_madelantopesos_rank_tend6	0.00150981270214316	0.00125304186024012	0.002571129095324
minversion2_rank	0.00150828389467462	0.000955133894292912	0.00257934356527711
mprestamos_prendarios_rank_lag1	0.00150482226338695	0.000885825390124228	0.0025933081641974
minversion1_pesos_rank_lag1	0.00150109357043654	0.00079222217797535	0.00249884175973661
mcaja_ahorro_adicional_rank_lag1	0.00150013059382866	0.00115821313174104	0.0024906272897835
mtarjeta_master_descuentos_rank_tend6	0.00149980101313855	0.000890792112444589	0.00271406087250814
mcuenta_debitos_automaticos_rank_delta1	0.00149647092179797	0.000666728480389829	0.00222447846330268
vm_mpagospesos_rank_tend6	0.00149611997080399	0.00249023906158958	0.00230005158687131
mcaja_ahorro_adicional_rank	0.0014939604642942	0.000931010673966242	0.00265655958283636
mplazo_fijo_pesos_rank	0.00149298984075431	0.00203992687723042	0.00250048465372723
vm_madelantopesos_rank_lag1	0.00149058515125369	0.000798047144615754	0.00247666269086321
vm_madelantodolares_rank	0.00149014065747785	0.00127396191459064	0.00257030764832868
ccomisiones_otras_tend6	0.00148709325288471	0.00122681285673944	0.0019542224018453
vm_mlimitecompra_rank_delta1	0.00148660401085734	0.000806751963846921	0.00247666269086321
vm_mpagominimo_rank_tend6	0.00148013752621234	0.000883516999915552	0.00219162058349023
mplazo_fijo_dolares_rank_lag1	0.00147951036086051	0.00131202414193617	0.00246926966790541
mcheques_depositados_rank	0.00147701095307257	0.00137843457097176	0.00272391823645188
vm_msaldodolares_rank	0.00147679149460016	0.00143288122445716	0.00256948620133337
Master_mfinanciacion_limite_rank_delta1	0.00147564468597572	0.000809082462922125	0.00236823168748213
mpayroll_rank_lag1	0.00147399462164803	0.00198960850760494	0.00205197459428733
ctransferencias_recibidas_tend6	0.00147366748454609	0.00134383655543789	0.00190082834715007
mpagodeservicios_rank	0.0014669931688048	0.00114517405346766	0.00258755803523022
minversion2_rank_lag1	0.00146317791834064	0.000794098927110175	0.00243641178809296
Visa_mpagominimo_rank_tend6	0.00146309941772844	0.00248294872042722	0.00203883144236235
matm_other_rank_lag1	0.00146308958714417	0.000749690706593921	0.00235755287654309
mactivos_margen_rank_delta1	0.0014630528875429	0.00125091232730714	0.00239041075635554
vm_Fvencimiento	0.00146111621004592	0.00117435859212434	0.00210701154297318
vm_fechaalta_lag1	0.00146106501726471	0.00152161976628026	0.00167164463545825
mtransferencias_emitidas_rank_delta1	0.00145994784227309	0.000748803761050014	0.0023214092087494
mpagodeservicios_rank_lag1	0.00145722483454495	0.000848828936810719	0.0025859151412396
mcuenta_corriente_adicional_rank	0.00145436903892498	0.00137508306256174	0.00266395260579416
vm_mpagado_rank_lag1	0.00145160157536881	0.000845379262730306	0.00221215675837301
minversion1_dolares_rank_lag1	0.00144813925491871	0.000969995975276892	0.0026228802560286
mtarjeta_master_descuentos_rank_lag1	0.00144740541953343	0.000875128872924843	0.0025054133356991
Visa_mfinanciacion_limite_rank_delta1	0.00144474347188365	0.00109118739682894	0.00249555597175537
Visa_mconsumosdolares_rank_tend6	0.00144330243765949	0.0010340517524521	0.00231648052677753
mcheques_depositados_rank_tend6	0.00144150238414344	0.0013741139572456	0.00259987974015989
mcaja_ahorro_dolares_rank_delta1	0.00143484256261546	0.000690365248077714	0.00228444409396039
mtransferencias_emitidas_rank	0.00143462381203698	0.00211216103504019	0.00222119267532143
vm_mconsumototal_rank_tend6	0.00143427288739094	0.00100842723069536	0.00217519164358401
mcajeros_propios_descuentos_rank	0.00142972767297022	0.000810541302661918	0.0025054133356991
mcheques_depositados_rank_lag1	0.00142801984236774	0.00110221430916001	0.00249719886574599
mpayroll_sobre_edad_rank_delta1	0.00142655395708841	0.00121171814326794	0.00241587561321018
mforex_sell_rank	0.00142589974503895	0.00110828572632951	0.00270666784955034
Visa_mpagosdolares_rank_tend6	0.00142330651808141	0.000762848274573852	0.00223762161522766
Visa_mpagado_rank_tend6	0.00142222175082433	0.00151440674857557	0.00235344564156653
Visa_madelantodolares_rank_tend6	0.00141991624856651	0.0013421751662386	0.00228608698795102
mplazo_fijo_dolares_rank_delta1	0.00141937611908388	0.00131703778802273	0.00231894486776346
mttarjeta_master_debitos_automaticos_rank_lag1	0.00141830362731195	0.000812797990365016	0.00228608698795102
Visa_mpagospesos_rank_tend6	0.00141581695507848	0.00172756832006245	0.00211933324790285
mcheques_emitidos_rank_delta1	0.00141488222740059	0.00083429299039561	0.00235180274757591
matm_rank_delta1	0.00141094946630052	0.00075222346725275	0.00226637226006355
vm_fechaalta	0.00140703291727508	0.00135577168733939	0.00168807357536448
mcajeros_propios_descuentos_rank_lag1	0.00140687529088282	0.000749975962789785	0.00242326863616798
mextraccion_autoservicio_rank_delta1	0.00140668368269688	0.000809938058784198	0.00229840869288068
mpayroll_rank_delta1	0.00140221031015856	0.000921075127831695	0.00226144357809168
mv_status07_rank	0.00139563628072173	0.000806985517537207	0.00197886581170463
vm_msaldodolares_rank_lag1	0.00139127963847049	0.000699387133787966	0.00221215675837301
matm_other_rank_delta1	0.00138950014114436	0.001024693771668	0.00247091256189603
mforex_sell_rank_delta1	0.00138805415446785	0.00070340533391663	0.00220558518241052
mtarjeta_visa_descuentos_rank	0.00138802846735577	0.00110774411667475	0.00260398697513644
Visa_mconsumospesos_rank_tend6	0.00138462567222412	0.000743370507100812	0.00207251076917011
minversion1_dolares_rank_delta1	0.00138300688176689	0.000865642701017508	0.00250212754771786
matm_other_rank	0.0013791209597238	0.000937742248072218	0.00238548207438367
mpagomiscuentas_rank_lag1	0.00137703461704316	0.00178936991405459	0.00211358311893567
mcheques_emitidos_rank_lag1	0.00137622033147364	0.00120021358729959	0.00242901876513516
mcaja_ahorro_rank_delta1	0.00137605092851744	0.000986241933125095	0.00219162058349023
mcaja_ahorro_rank_lag1	0.00137603388811956	0.00229930614177843	0.0016823234463973
Master_mconsumototal_rank_delta1	0.00137385505391228	0.000673199354111332	0.00227869396499321
rf_011_022	0.00137337477786086	0.000336666392287669	0.000147039012160701
Master_mpagospesos_rank_delta1	0.00137177596140323	0.000724546707233125	0.00231894486776346
vm_msaldototal_rank_tend6	0.00137081775112432	0.000945850502145761	0.00181375496564709
Visa_cconsumos_tend6	0.0013667866943804	0.0010979261102564	0.00172586013714879
vm_mconsumosdolares_rank	0.00136459541227771	0.00110256376167405	0.00236412445250558
Master_mconsumospesos_rank	0.00136256235198236	0.000755429857438597	0.00204129578334828
Visa_madelantopesos_rank_tend6	0.00136253537593466	0.000744078019617288	0.00216697717363089
chomebanking_transacciones_lag1	0.00135668348762329	0.000992813505824611	0.00146463999263983
mttarjeta_master_debitos_automaticos_rank	0.00135481880382975	0.000769599884840119	0.00239862522630865
mpayroll_sobre_edad_rank_lag1	0.00135427906827505	0.00164718160408332	0.00212508337687002
Master_madelantopesos_rank	0.00135426640840254	0.000830413229771024	0.00208729681508571
Visa_msaldopesos_rank_tend6	0.00135342434377861	0.00100122846284605	0.00179650457874555
Master_mlimitecompra_rank_delta1	0.00135177882130471	0.00071345548343353	0.00244544770504138
mtarjeta_master_consumo_rank_delta1	0.00135146612644295	0.000882516170678957	0.00220887097039176
mcheques_depositados_rechazados_rank_lag1	0.00134688138593591	0.0006940435531711	0.00240191101428989
mautoservicio_rank	0.00134682063064629	0.00192965755240655	0.00188439940724385
mttarjeta_master_debitos_automaticos_rank_delta1	0.00134440546948476	0.000721755059807781	0.00239944667330396
Master_msaldototal_rank_delta1	0.00134365700280576	0.000972807601287354	0.00224008595621359
mpasivos_margen_rank_delta1	0.00134335735283287	0.00118048660568914	0.00205279604128264
vm_msaldopesos_rank_tend6	0.00134244398558815	0.00104723491259654	0.00173736039508315
mpasivos_margen_rank_lag1	0.00134185086690946	0.00124468750108852	0.00139070976306183
vm_mpagosdolares_rank	0.00133698223366028	0.000761169094646033	0.00232962367870251
mplazo_fijo_pesos_rank_delta1	0.00133576682768549	0.0012159212460655	0.00241094693123832
Visa_mlimitecompra_rank_delta1	0.00133494289885449	0.00136984947931337	0.00237562471043993
Master_mpagosdolares_rank_lag1	0.00133422949210758	0.000871465854039955	0.00198954462264368
mttarjeta_visa_debitos_automaticos_rank	0.00132980768599978	0.00102186110193172	0.00193779346193907
vm_madelantopesos_rank_delta1	0.0013290701133712	0.000746543158235135	0.00244462625804607
Master_madelantodolares_rank_lag1	0.00132882068989096	0.00063595797601082	0.00193532912095314
vm_mpagado_rank	0.00132655061339103	0.00091722274420199	0.00241505416621487
mprestamos_prendarios_rank	0.00132542488215274	0.000822147593961404	0.00251198491166159
mtransferencias_recibidas_rank_lag1	0.00132508025274896	0.0014662221436583	0.00193368622696252
mextraccion_autoservicio_rank	0.00132321769304742	0.00142119208248337	0.00219162058349023
mpagomiscuentas_rank_delta1	0.00132267584264828	0.000827861267791917	0.00211686890691691
mautoservicio_rank_lag1	0.0013207874743036	0.00101231686546216	0.00189918545315945
matm_rank	0.0013197033161005	0.000854416981613202	0.00226883660104948
mttarjeta_visa_debitos_automaticos_rank_lag1	0.00131883642873058	0.0010000011328779	0.00192547175700941
Master_mconsumospesos_rank_delta1	0.00131781484013517	0.000594229879809327	0.00212754771785596
Master_mconsumosdolares_rank_delta1	0.00131436662806939	0.000672271962008216	0.0023435882776228
Master_mpagosdolares_rank	0.00130712798630073	0.00206116969800218	0.00212672627086065
mrentabilidad_rank_delta1	0.00130403012796003	0.000732344026583535	0.00211686890691691
mcheques_emitidos_rechazados_rank_delta1	0.00130349651456925	0.000743269520246932	0.0022261213572933
thomebanking	0.00129727398618075	0.00298196385898842	0.00056351263878347
vm_status02	0.00129673520710056	0.000898906383123737	8.54304875123628e-05
Visa_msaldodolares_rank_delta1	0.00129205070520269	0.000609104425818316	0.002064296299217
mtransferencias_recibidas_rank_delta1	0.00128850120821061	0.00062551907892414	0.00219572781846679
vm_mpagominimo_rank	0.00128845777742465	0.00170112908081665	0.00137756661113685
Visa_mpagominimo_rank_delta1	0.00128800095390502	0.00143765527146024	0.00213986942278563
mttarjeta_visa_debitos_automaticos_rank_delta1	0.00128103477339878	0.00289520227588918	0.00222201412231674
mcuenta_corriente_adicional_rank_delta1	0.00127859991320134	0.000987827006432239	0.00241833995419612
mforex_buy_rank_delta1	0.00127835590340702	0.000851275075621394	0.00228444409396039
Master_mconsumosdolares_rank	0.00127346691878567	0.000584311059262609	0.00202568829043737
mprestamos_hipotecarios_rank_delta1	0.00126986990033894	0.000679606376965701	0.00234112393663686
rf_020_024	0.00126695322894924	0.00085291291657482	0.000134717307231034
rf_001_015	0.00126678955728421	4.96819912355544e-05	0.000122395602301366
mcheques_depositados_rechazados_rank_delta1	0.00126456155444993	0.00086454373489811	0.00232223065574471
cpagomiscuentas_tend6	0.00126384019990865	0.00267346603385027	0.00125270666784955
mv_status07_rank_tend6	0.00126099818691998	0.000798362224751361	0.00229348001090882
mcomisiones_otras_rank_delta1	0.00125854908384611	0.00233890142326207	0.00166343016550514
mcajeros_propios_descuentos_rank_delta1	0.00125075524553643	0.000685622665906813	0.00231073039781035
vm_msaldototal_rank	0.00125022358292882	0.000894188299189053	0.000929877998692256
vm_msaldodolares_rank_delta1	0.00124900227657541	0.000918426612287048	0.00231565907978222
Master_msaldodolares_rank_lag1	0.00124723544991452	0.000766438806315619	0.00177432550987215
vm_mconsumosdolares_rank_delta1	0.00124680450971007	0.000928913527068218	0.00228690843494633
Master_mpagospesos_rank	0.00124230834731575	0.000724730832637177	0.00194354359090625
minversion1_pesos_rank_delta1	0.00124000970925793	0.00063337584464093	0.00225158621414795
Master_mpagospesos_rank_lag1	0.00123958442338513	0.000650137100289715	0.00196982989475621
mtarjeta_visa_consumo_rank_delta1	0.00123663096368278	0.000795126212138877	0.00218504900752774
minversion2_rank_delta1	0.00123396115330491	0.000658692224070434	0.00220558518241052
Master_mconsumototal_rank_lag1	0.00123342502005993	0.00058746471058976	0.00190822137010787
Master_mconsumosdolares_rank_lag1	0.00123082503585495	0.000676308010440588	0.00189097098320634
Master_mpagado_rank	0.00123070385161087	0.00112965627762313	0.00180882628367522
vm_msaldopesos_rank	0.00122992222737876	0.000839302491069696	0.00090441314183761
rf_004_028	0.00122874274416481	0.000898291825724472	0.000141288883193523
mpagodeservicios_rank_delta1	0.00122868076502024	0.000826684114587246	0.00228115830597915
mautoservicio_rank_delta1	0.00122496158083921	0.000912342816455301	0.00214808389273874
mtransferencias_emitidas_rank_lag1	0.0012247572942329	0.000911788338749323	0.00193450767395783
vm_mpagospesos_rank_delta1	0.00122076506284853	0.0012671461080062	0.00219572781846679
ccomisiones_otras	0.00121782365023169	0.00231430375472024	0.00101859427418586
Visa_madelantopesos_rank_delta1	0.00121206358779609	0.000601979267828006	0.00191807873405161
Master_mpagominimo_rank_delta1	0.00121178758457341	0.000700359751189668	0.00212508337687002
Master_madelantodolares_rank_delta1	0.00120950782796628	0.000682126758962281	0.0022704794950401
Visa_mconsumosdolares_rank_delta1	0.00120915686487663	0.000616204423457915	0.00190411413513132
Visa_mconsumototal_rank_tend6	0.00120704930366627	0.000650688555299098	0.00200022343358272
mtarjeta_master_consumo_rank_lag1	0.00120699743245871	0.00087696747850739	0.00208976115607164
mrentabilidad_rank_lag1	0.00120424377671949	0.0015339755711851	0.00190411413513132
Visa_msaldototal_rank_tend6	0.00120365228500484	0.00088370115410719	0.00172339579616286
ccaja_seguridad	0.00119761685475433	0.00729357026595355	0.000366365359908787
Master_madelantopesos_rank_delta1	0.00119640978873008	0.00082744007661201	0.00238630352137898
ctransferencias_emitidas_tend6	0.00119536092335941	0.00111199906591582	0.00136770924719312
vm_mconsumosdolares_rank_lag1	0.00119101711888204	0.00158716866921093	0.00223597872123703
mcheques_depositados_rank_delta1	0.00118390542094218	0.000695674513891323	0.00234933840658998
cproductos	0.00118359578810493	0.00265415909191626	0.000971771795453127
mtarjeta_visa_descuentos_rank_delta1	0.0011828438277546	0.000857891988769844	0.00222858569827923
Master_mpagado_rank_lag1	0.00118269251432226	0.00117375295887693	0.0017997903667268
ccomisiones_mantenimiento_delta1	0.00118052524121884	0.00505548383467882	0.000371294041880654
Master_msaldodolares_rank	0.00117924974588075	0.00078608339785315	0.00182607667057675
vm_mpagosdolares_rank_delta1	0.00117825725154326	0.000572390983268914	0.00213658363480438
mextraccion_autoservicio_rank_lag1	0.00117064540588704	0.000908486719226921	0.00186386323236107
vm_madelantodolares_rank_delta1	0.00117052580515868	0.000801666924545532	0.00232387354973533
vm_mpagominimo_rank_lag1	0.00117030535666151	0.00105043240741812	0.00115495447540752
Visa_madelantodolares_rank_lag1	0.0011675845128442	0.00190013994137262	0.00150324800141946
Master_mconsumospesos_rank_lag1	0.00116371095849429	0.000617358373867767	0.00190986426409849
mcaja_ahorro_adicional_rank_delta1	0.00116228780013693	0.000797072742383681	0.00235015985358529
Master_msaldopesos_rank_delta1	0.00116063228171064	0.000764721338897589	0.00214890533973405
matm_rank_lag1	0.00115685745284839	0.00100456652745312	0.00198215159968588
vmr_Master_mlimitecompra	0.00115616292625312	0.00130345355922144	0.00143424645381332
Visa_madelantodolares_rank_delta1	0.00115322414855373	0.00051087245761605	0.00179650457874555
mprestamos_prendarios_rank_delta1	0.00115287752378547	0.00083091732920041	0.00227869396499321
Visa_fechaalta_tend6	0.00115021368773355	0.000771820818360629	0.000837875935217404
Master_msaldodolares_rank_delta1	0.00114955138422624	0.000663400145987039	0.00214315521076687
vm_mconsumospesos_rank_delta1	0.00114824377856619	0.000687444258025665	0.00202158105546082
mtarjeta_master_descuentos_rank_delta1	0.00114708927515251	0.000606725995411382	0.00216615572663558
Master_mconsumototal_rank	0.0011428027495325	0.000758719040723577	0.00203308131339517
vm_msaldototal_rank_delta1	0.00114106219997017	0.000715948632373163	0.00183346969353456
vm_cconsumos_tend6	0.0011375279191442	0.00146396251962137	0.00112784672456225
vm_mpagado_rank_delta1	0.00113692439883136	0.0007911721795408	0.00233126657269313
Master_madelantopesos_rank_lag1	0.00113507874431086	0.000568016853419223	0.00186222033837045
Master_mpagosdolares_rank_delta1	0.00113055189794075	0.000702055685492903	0.00230990895081504
vm_mpagominimo_rank_delta1	0.00113037767805377	0.00068495862264614	0.00191561439306567
mv_status07_rank_delta1	0.00112188354775653	0.00108987874192856	0.00202404539644675
Visa_mpagado_rank	0.00111695676500945	0.000696165457393621	0.001792397343769
Visa_msaldodolares_rank_lag1	0.00111650408153161	0.000658321209654015	0.00169628804531759
vm_Fvencimiento_tend6	0.00111435736587416	0.00124555651196596	0.00103913044906864
Visa_mpagospesos_rank_delta1	0.00111227685724713	0.00112497889933593	0.00207579655715135
mpayroll2_rank_delta1	0.00111219202192546	0.000784038298911744	0.00228033685898384
ccajas_transacciones_tend6	0.0011106485996756	0.00106129243810953	0.0009183777407579
vm_mconsumototal_rank_delta1	0.00110358972748976	0.000616247057873706	0.00209879707302007
Master_mlimitecompra_rank_lag1	0.00109486560098422	0.000801638971798919	0.00123874206892926
vmr_mpagospesos_tend6	0.00109284648287291	0.000910197479137268	0.00125434956184017
vm_msaldopesos_rank_delta1	0.00108859954524947	0.00105427768051393	0.00185482731541265
Visa_mpagosdolares_rank_delta1	0.00108507382263728	0.000691940850268858	0.00185729165639858
Visa_Fvencimiento_tend6	0.00107569583280184	0.00184092931653946	0.000892912883903253
Visa_mpagado_rank_lag1	0.00107471056338973	0.000709851709401915	0.00181950509461427
Visa_fultimo_cierre	0.00107324404817029	0.00060518807617113	0.00151885549433037
Master_mpagominimo_rank_lag1	0.0010707475537992	0.000481549018853906	0.00143096066583208
Visa_mpagado_rank_delta1	0.00106614005898674	0.000808550842559926	0.00206265340522637
Visa_mconsumototal_rank_delta1	0.00106428766273691	0.000635728481370248	0.00184250561048298
Visa_mconsumospesos_rank_delta1	0.00106318596841835	0.000543092906370586	0.00190822137010787
ctarjeta_visa_transacciones	0.00106065921686792	0.00172808632389617	0.000809125290381513
Visa_madelantodolares_rank	0.00105970250692743	0.00120278521120036	0.00149010484949448
Master_madelantodolares_rank	0.00105741614667545	0.000836369151142984	0.00203636710137642
ctrx_quarter_normalizado_delta1	0.00105466070784967	0.0011626572730014	0.00129952914658229
Master_mpagado_rank_delta1	0.00105392975922466	0.000734747732491525	0.00204786735931077
vm_status01	0.00105019357620901	0.00655972899698966	0.000248898439579288
Visa_fultimo_cierre_tend6	0.00104918184469233	0.000808135034658719	0.00132827979141818
Visa_msaldopesos_rank_delta1	0.0010480225850587	0.000473179488644157	0.00168889502235979
Visa_msaldodolares_rank	0.00104740640587938	0.000508834584358887	0.00180471904869866
mv_status07_rank_lag1	0.00103842807459934	0.000572757161370781	0.00171107409123319
vm_mfinanciacion_limite_rank	0.00103460479988334	0.000450064611114191	0.00113523974752005
ccomisiones_otras_lag1	0.00102949294981566	0.00254572871812598	0.00108266713982014
Master_msaldopesos_rank	0.00102700271974245	0.000825016305756143	0.001520498388321
Master_mpagominimo_rank	0.00102529525485053	0.000593223206692647	0.00148353327353199
cmobile_app_trx_tend6	0.00101822980488919	0.000856789136326251	0.00141699606691179
Master_fultimo_cierre	0.00101279167520176	0.000803173004714977	0.00151967694132568
vm_status04_delta1	0.0010060344171784	0.000550585739417266	9.52878514560969e-05
Visa_msaldototal_rank_delta1	0.00100271431445116	0.000472244151167133	0.00173982473606908
Master_Fvencimiento_tend6	0.00099964406391497	0.00100769035484053	0.00101202269822337
cdescubierto_preacordado	0.000994991622352591	0.00205804981451414	0.000469046234322684
Master_msaldopesos_rank_lag1	0.000986123506607843	0.000913017453547852	0.00142438908986959
vm_fultimo_cierre	0.000982782085499049	0.000742318867773825	0.00150489089541008
Visa_mpagominimo_rank_lag1	0.000977581658959529	0.000867358988144487	0.00109334595075918
mcomisiones_rank_delta1	0.000968180258792384	0.00152796161403851	0.00156321363207718
Visa_mlimitecompra_rank	0.000958698538160874	0.00056138767675887	0.00122888470498553
vmr_Master_mlimitecompra_lag1	0.000949878977371223	0.00129281884897054	0.00132335110944631
ctarjeta_visa_transacciones_delta1	0.000947857003563181	0.00446393016407247	0.000929877998692256
vm_fechaalta_tend6	0.000942125776316911	0.000840485776030318	0.000752445447705041
ccuenta_debitos_automaticos_tend6	0.000941854217463751	0.00278490894221807	0.000993950864326528
ctarjeta_debito_transacciones_tend6	0.000941558912461756	0.000811563607438135	0.001285564547662
Master_fultimo_cierre_lag1	0.000941358058155667	0.000844018387147796	0.00145724696968203
Master_mfinanciacion_limite_rank	0.000936280131743503	0.00100115223331667	0.00131842242747444
Master_fechaalta_tend6	0.000932625008833385	0.000702008617788772	0.000809125290381513
vm_fultimo_cierre_lag1	0.000927690378774745	0.00054545504300349	0.00119438393118246
vmr_msaldopesos2_tend6	0.000919102160306095	0.00135032116083821	0.00153117719926004
Visa_mconsumosdolares_rank	0.000918846593535518	0.000718135222302829	0.0014104244909493
vmr_mpagado_tend6	0.000916717079807521	0.000886263652343002	0.00117056196831843
Visa_mfinanciacion_limite_rank	0.000913404319039915	0.000574915740978662	0.00122149168202773
Visa_mpagosdolares_rank	0.000908775937994769	0.000621508536293518	0.00143588934780394
Master_msaldototal_rank	0.000907317026932951	0.000687011551811109	0.0014399965827805
Visa_madelantopesos_rank	0.000900443013897869	0.000428981734173716	0.00138249529310872
vmr_mpagominimo	0.00089889928608765	0.000747415278171931	0.000873198156015785
Visa_mconsumosdolares_rank_lag1	0.000893808049582297	0.000674614667020149	0.00137428082315561
Master_mfinanciacion_limite_rank_lag1	0.000890621561226078	0.000782872833467242	0.00116974052132312
rf_009_008	0.000889138371555672	4.63204071702135e-05	7.39302295780063e-06
vm_status05_delta1	0.00088825353287921	0.000872106061178902	0.00011828836732481
Master_mlimitecompra_rank	0.000888020779122612	0.000699791973618669	0.0012124557650793
vmr_mpagominimo_tend6	0.000886623844154097	0.00105260535203173	0.00111798936061852
cpayroll_trx_tend6	0.000886308212225241	0.00166137293429895	0.000722051908878528
Visa_mpagominimo_rank	0.000883277492197956	0.000570011948322662	0.00107938135183889
vm_mlimitecompra_rank	0.000882108276387802	0.000574454563840934	0.00110320331470292
vmr_Master_mlimitecompra_tend6	0.000876450034952105	0.00248135552902065	0.00118452656723872
vmr_Visa_mlimitecompra	0.000874730409575761	0.000800034639596324	0.00121081287108868
ccallcenter_transacciones_delta1	0.000873078904678931	0.00144700740836425	0.000593084730614672
Visa_madelantopesos_rank_lag1	0.000870380176702133	0.000529309150806394	0.00143096066583208
vm_mfinanciacion_limite_rank_lag1	0.000867140645362002	0.00060675731630563	0.00106213096493736
Visa_mlimitecompra_rank_lag1	0.000855738139727978	0.000568558578224326	0.00115659736939814
Visa_cconsumos_lag1	0.000850067795309198	0.000797893044664552	0.000910984717800099
Visa_mpagosdolares_rank_lag1	0.000845718962420126	0.0004518970561532	0.0012929575706198
vm_mlimitecompra_rank_lag1	0.000842953078482573	0.000516649809588177	0.00101202269822337
catm_trx_tend6	0.000840522529486974	0.00113967101840848	0.000991486523340595
vm_mconsumospesos_rank	0.000834527967260998	0.000656515652220913	0.00116891907432781
Master_cconsumos_tend6	0.000824707987602965	0.00132113210253043	0.00100216533427964
cdescubierto_preacordado_lag1	0.000810765951956819	0.000156601966718398	0.000209468983804351
cextraccion_autoservicio_tend6	0.00080445586251592	0.00142512743193773	0.00103748755507802
Visa_mconsumospesos_rank	0.000796235836750472	0.000727498010613891	0.00120095550714495
ccaja_ahorro	0.000789523221872069	0.00256515737397624	0.000509297137092932
ccallcenter_transacciones	0.000789212608513507	0.00203591621944945	0.00048711806821953
vm_mconsumospesos_rank_lag1	0.000788838635653945	0.000728250719641367	0.00117384775629968
vmr_msaldopesos_tend6	0.000773240001466225	0.000548422928034152	0.000894555777893876
Visa_mconsumospesos_rank_lag1	0.000772178500004181	0.000991975815841419	0.00112373948958569
ccomisiones_mantenimiento	0.000768480578031701	0.0017732489806951	0.000401687580707167
Master_msaldototal_rank_lag1	0.000760103924956844	0.000452112473663913	0.00126749271376515
Visa_fultimo_cierre_lag1	0.000757577079873949	0.000729573941060572	0.00123052759897615
Visa_msaldototal_rank	0.000753981965472469	0.000447570281883506	0.000740123742775374
cproductos_lag1	0.000740693208617858	0.000851329628098048	0.000787767668503422
Visa_mfinanciacion_limite_rank_lag1	0.000733857961216026	0.000617508040530628	0.00120177695414026
ccajas_extracciones_tend6	0.000727875663198013	0.00110891510933589	0.000831304359254915
vmr_msaldopesos2	0.000726593676746655	0.00100754420026324	0.000975057583434371
Visa_cconsumos_delta1	0.000725466131151216	0.00104326763770861	0.000837054488222093
internet_lag1	0.000714597000799755	0.00194967721741022	0.000407437709674346
tcallcenter	0.000713253984872564	0.00202069532998578	0.000225076476715264
cprestamos_personales_tend6	0.000706988870547424	0.00221802444851873	0.00075162400070973
rf_013_024	0.000703317773305596	0.00049435031166177	0.00011828836732481
ctransferencias_recibidas	0.000689229671804556	0.00169190709259177	0.00075162400070973
rf_010_028	0.000688658693331582	0.000408964487327329	6.65372066202056e-05
vmr_Visa_mlimitecompra_tend6	0.000682190648826966	0.00353936727618326	0.00106048807094673
vmr_mpagospesos_delta1	0.000672955021057673	0.000531906654747542	0.000900305906861054
cplazo_fijo_tend6	0.000671763531823334	0.00494142675435722	0.000612799458502141
vmr_mconsumospesos_tend6	0.000671693114784916	0.000653126633585518	0.00103995189606395
Visa_cconsumos	0.000671109153860749	0.00064049109970144	0.000842804617189271
vmr_mpagospesos	0.000670705419830482	0.000519495433738443	0.000680158112117658
vmr_msaldototal	0.000666706142203466	0.000415103123511596	0.000613620905497452
vmr_Visa_mlimitecompra_lag1	0.000666154416117177	0.000673171113488853	0.00104734491902176
vmr_msaldopesos2_lag1	0.000665352443239909	0.000547597933376661	0.000959450090523459
vmr_msaldopesos2_delta1	0.000661386966092553	0.000935468489330252	0.00102927308512491
vmr_mpagospesos_lag1	0.000655212183747193	0.000608899688502241	0.000776267410569066
vm_mpagospesos_rank_lag1	0.000653134535161334	0.000656708989652684	0.000941378256626613
vmr_mpagominimo_lag1	0.000639630006575435	0.000456128457148407	0.000746695318737863
vm_msaldototal_rank_lag1	0.000632235451950931	0.000435426353616218	0.000756552682681597
vm_mpagospesos_rank	0.000632006767259978	0.000549856837723929	0.000873198156015785
vmr_msaldototal_tend6	0.00062764125709723	0.000658071563702805	0.000819804101320558
Visa_msaldopesos_rank	0.000625039710897532	0.000444485490463562	0.000809946737376824
Visa_mpagospesos_rank_lag1	0.000623266041821351	0.000614227148070596	0.000902770247846987
vmr_mpagominimo_delta1	0.000599358159021975	0.000713714571713152	0.00084198317019396
vmr_msaldopesos	0.00059895251296862	0.000422034684981854	0.000553655274839736
active_quarter_tend6	0.000590600151146941	0.00111553844211615	0.000826375677283048
vmr_mconsumospesos	0.000589461589694583	0.000469291869008423	0.000636621421366165
mtarjeta_visa_consumo_rank_lag1	0.000585523290564582	0.000332713712706162	0.000846090405170516
ctarjeta_debito_transacciones_delta1	0.000578655003198672	0.00189764411518743	0.000774624516578443
ccajas_consultas_delta1	0.000573677240622248	0.00458616231445617	0.000449331506435216
ccajas_transacciones	0.000559585180168793	0.000198166491852689	0.000171682422020037
Visa_mpagospesos_rank	0.000554208501145327	0.000629319846411027	0.000958628643528148
ctarjeta_visa_transacciones_lag1	0.000553504026904188	0.000348978756724298	0.000592263283619361
ctarjeta_debito	0.000539563045459043	0.00109544378544933	0.000637442868361476
rf_009_017	0.000538108980932324	0.00021681088748053	6.32514186389609e-05
Visa_mconsumototal_rank	0.000536861881448016	0.000427907323865709	0.000851840534137694
Visa_delinquency_tend6	0.000531018407366571	0.000600013795351204	0.000478082151271107
cmobile_app_trx	0.000529009954214531	0.00108564276370708	0.000558583956811603
vm_mconsumototal_rank_lag1	0.000528100458220764	0.000414790576683612	0.000813232525358069
Visa_mconsumototal_rank_lag1	0.000527862000200745	0.000422933059197652	0.000853483428128317
vmr_mconsumosdolares_tend6	0.000523426641535385	0.00100214025207722	0.000728623484841017
vm_cconsumos_delta1	0.000518025430105122	0.00067915383610396	0.000510940031083554
catm_trx_other_tend6	0.00051341301812913	0.000926431087110809	0.00069576560502857
ccajas_otras_tend6	0.000511563496344643	0.00305680081765527	0.000481367939252352
ctarjeta_debito_tend6	0.000508982499681458	0.0059814287858143	0.000716301779911349
Visa_msaldopesos_rank_lag1	0.000508446392850831	0.000400699542419788	0.000659621937234878
internet	0.000507070942759113	0.000448086961488246	0.000355686548969741
ctransferencias_emitidas_delta1	0.000504844673022959	0.000621650718183858	0.000572548555731893
vmr_mconsumospesos_delta1	0.000500437313181383	0.000604623810685699	0.000760659917658153
Visa_msaldototal_rank_lag1	0.000495247949615657	0.000629814848963039	0.000717123226906661
vmr_msaldopesos_lag1	0.000493768877934699	0.000371677336964084	0.00057747723770376
ccajas_consultas	0.000491477339405359	0.00394087865733345	0.000376222723852521
ctarjeta_visa_debitos_automaticos_lag1	0.000488597365505275	0.000462747932392066	0.000463296105355506
cplazo_fijo	0.000484150135880092	0.00796191712688825	0.000345829185026007
vm_cconsumos	0.000483797308640202	0.000319969131443949	0.000453438741411772
rf_003_015	0.000482783111830727	0.000103978431093944	0.000161825058076303
Visa_status_delta1	0.000482041119793629	9.33698599716978e-05	1.97147278874683e-05
cliente_edad_tend6	0.000479646618526012	0.000654231184496722	0.000769695834606576
rf_019_023	0.000477955947479057	0.000434241312612811	5.66798426764715e-05
ccaja_seguridad_lag1	0.000475622600003935	0.000686001424184034	0.000130610072254478
ctarjeta_master_transacciones_tend6	0.000468092596771132	0.000758699407589499	0.000598834859581851
ctransferencias_recibidas_lag1	0.000465572991149143	0.000689592301376841	0.000623478269441186
ctransferencias_emitidas	0.000464690564497229	0.00105326427110198	0.00056351263878347
ctransferencias_recibidas_delta1	0.000462232036724006	0.000551930522738853	0.000631692739394298
ccomisiones_mantenimiento_lag1	0.00046215140721045	0.00469355423363414	0.000516690160050733
Master_status	0.00046143355320097	0.00444960474127835	0.000162646505071614
vm_msaldopesos_rank_lag1	0.000458877472411869	0.000463193420295084	0.000754909788690975
ctarjeta_master	0.00045776669242448	8.69883429190781e-05	5.50369486858491e-05
ctarjeta_debito_transacciones_lag1	0.00045701479704348	0.000445109346253306	0.000533119099956956
rf_003_029	0.000455973269161038	0.000697794633283473	0.000119109814320121
vm_cconsumos_lag1	0.000453445665914498	0.00126043362007016	0.000481367939252352
cmobile_app_trx_lag1	0.000444544856245127	0.00194066906337878	0.000631692739394298
vm_mconsumototal_rank	0.000443904463352308	0.000386481670049295	0.000879769731978274
vmr_mconsumospesos_lag1	0.000437640313360349	0.000337873484582429	0.000588977495638117
vmr_mconsumototal_tend6	0.000430168689472571	0.000320212041099889	0.000498618326153887
ctarjeta_debito_transacciones	0.000429601266630003	0.00158636060165437	0.000586513154652183
tcuentas_lag1	0.000426127636586776	0.00240016566816228	0.000230826605682442
ctarjeta_master_debitos_automaticos_tend6	0.000418859546531197	0.00123545448721796	0.000412366391646213
cprestamos_personales_delta1	0.000418282145912959	0.00152176721629895	0.000248076992583977
rf_007_013	0.0004134762247629	0.00255755500416245	0.000213576218780907
vm_status06_tend6	0.000406046033645792	0.000432781235006792	0.00017414676300597
vm_status06	0.000402700138127537	4.36564326915492e-05	3.45007738030696e-05
vm_status04_lag1	0.000399964849112539	5.50507897783033e-06	1.15002579343565e-05
ctarjeta_visa_debitos_automaticos	0.000399916712823691	0.00101098302142349	0.000483832280238285
vmr_msaldopesos_delta1	0.000393855999089808	0.000351521276374993	0.000598834859581851
rf_017_015	0.00039022593114818	0.000122310193531041	0.000218504900752774
ctransferencias_emitidas_lag1	0.000389208913276392	0.000687668829988924	0.000528190417985089
vm_status01_tend6	0.000386232840519625	0.00190293835388083	0.000335971821082273
ccaja_ahorro_tend6	0.000383333550720794	0.00286468749164216	0.000299828153288581
vmr_msaldototal_lag1	0.000381620917013961	0.000347071320022131	0.000524904630003845
cpagomiscuentas_lag1	0.000373611157228447	0.000401155537791923	0.000413187838641524
rf_004_019	0.000373076273074856	0.000175297863338711	5.75012896717826e-05
vmr_mpagado_delta1	0.000371077892957789	0.000474490792002499	0.000584048813666249
ccaja_ahorro_lag1	0.000369201465771605	0.000395022947000847	0.000308042623241693
ctarjeta_debito_lag1	0.000366042203420848	0.00092269345080139	0.000540512122914757
ctarjeta_visa_debitos_automaticos_delta1	0.000362900289175152	0.000404497891749399	0.000344186291035385
tcallcenter_delta1	0.00035321944601711	0.000793394984254441	0.000219326347748085
ctarjeta_visa_descuentos_tend6	0.000353173073565655	0.00101045361770546	0.000404151921693101
vmr_msaldototal_delta1	0.00035175973860588	0.00030257880945224	0.000610335117516207
vmr_mpagosdolares_tend6	0.000341528318915618	0.000525685167888969	0.000404151921693101
vm_Finiciomora_tend6	0.000333833849027955	0.00165743721060596	0.000395937451739989
vmr_mpagado	0.000333227828168662	0.000212877150131023	0.000440295589486793
cforex_tend6	0.000329427553572596	0.000714824275602361	0.000419759414604013
vm_status06_delta1	0.000319573751999849	0.00374412799656614	0.000113359685352943
cforex_sell_tend6	0.000319359442647813	0.000564422061114635	0.000429616778547747
vmr_mpagado_lag1	0.000317440570652919	0.000385108617317643	0.000430438225543059
thomebanking_delta1	0.000316268215931033	0.00451029107537706	0.000435366907514926
cpagomiscuentas	0.000315366793306295	0.000573551842699556	0.000404973368688412
ccuenta_debitos_automaticos	0.000310683628078214	0.000369383484486654	0.00031297130521356
rf_018_015	0.00030797537150857	7.62172082951624e-05	0.000153610588123191
ccomisiones_otras_delta1	0.000305642328265467	0.000410772347767361	0.000511761478078866
ccajas_depositos_tend6	0.000304820361514351	0.00393953447855118	0.000536404887938201
vmr_mconsumototal	0.000302660341200127	0.000452084463342127	0.000350757866997874
cpagomiscuentas_delta1	0.000301456263063564	0.00129796710581215	0.000355686548969741
Master_fultimo_cierre_delta1	0.000294860277753094	0.000122115963684084	0.000501904114135131
rf_014_013	0.000290701445212008	3.46559361581597e-05	0.000124038496291988
thomebanking_lag1	0.000287853039405004	0.00101578928173601	0.000275184743429246
vmr_mconsumosdolares_lag1	0.000283937892637918	0.000572143064572902	0.000402509027702478
ccajas_transacciones_delta1	0.000281984894681869	0.000153457441056207	0.000137181648216967
rf_012_013	0.000274144236552643	0.000115241574360862	0.000120752708310744
vm_status05_tend6	0.000271485685505998	0.000396135932674932	0.000199611619860617
vmr_msaldodolares2_tend6	0.000268920905015752	0.000413290023730799	0.000405794815683723
Visa_fultimo_cierre_delta1	0.000265226596307851	0.000134451099101733	0.000446045718453971
vm_fultimo_cierre_delta1	0.00025982057859499	0.000182432837896059	0.000491225303196086
ccuenta_debitos_automaticos_lag1	0.000255072599923545	0.000603969152178266	0.000315435646199493
vm_status04	0.000251930977536805	0.000238180344845854	6.48943126295833e-05
vmr_msaldodolares_tend6	0.000250226683346833	0.000510048643249611	0.00041072349765559
rf_015_014	0.000248070770842702	0.000115568658920092	0.000186468467935638
Master_cconsumos_lag1	0.000239303518511845	0.000180317065429489	0.000298185259297959
rf_008_014	0.000238235975797194	0.00276372697840443	0.000211933324790285
cpayroll_trx_lag1	0.000235966455405312	0.000762014614852787	0.000218504900752774
rf_003_016	0.000235960524904708	0.000102728157419246	0.000219326347748085
rf_008_013	0.000233512764950877	5.00498678050316e-05	0.000145396118170079
vmr_mconsumosdolares	0.000233265025643	0.000392286111140436	0.000347472079016629
ccajas_otras_delta1	0.00023099905688284	0.00112521400755589	0.000151967694132568
rf_005_015	0.000229899867457127	9.23778973117835e-05	0.000200433066855928
ccheques_depositados_tend6	0.000229284310242033	0.00154938766779914	0.000287506448358913
catm_trx_delta1	0.000227837604613199	0.000225350840203098	0.000317078540190116
ccuenta_debitos_automaticos_delta1	0.000226931357267381	0.00170462032417214	0.000227540817701197
rf_013_025	0.000225156399900204	7.54931717039643e-05	0.000100216533427964
cmobile_app_trx_delta1	0.000224536380463136	0.000448001462355971	0.000422223755589947
cextraccion_autoservicio	0.00022201693751157	0.000651510498472407	0.000290792236340158
rf_007_020	0.000220336264731828	3.55201395086336e-05	8.87162754936075e-05
ccaja_ahorro_delta1	0.000220208132403303	0.00248424663755778	0.000178253997982526
vmr_mconsumototal_delta1	0.000220199830691287	0.000305988612725178	0.000353222207983808
Visa_Finiciomora_tend6	0.000219019432191019	0.00102197328715679	0.000291613683335469
rf_010_021	0.000218712997192844	9.08135798545966e-05	0.000156896376104435
rf_007_022	0.000213698285700074	0.00184917010866183	0.000110895344367009
vmr_mconsumototal_lag1	0.000212661226230045	9.69768006378411e-05	0.000256291462537088
cextraccion_autoservicio_delta1	0.000212414406595897	0.000325085059825787	0.000333507480096339
catm_trx	0.000210949148252292	0.000439979830130581	0.000253827121551155
rf_008_017	0.000210065969179834	0.000262270660961012	8.54304875123628e-05
Visa_status_tend6	0.000208353079272065	0.000158480184020141	0.000172503869015348
cextraccion_autoservicio_lag1	0.000206651015251524	0.000967105068252865	0.000301471047279203
rf_018_013	0.000205126554369367	0.000624829098047919	0.000147860459156013
rf_007_015	0.000204816810823082	0.00016804793994797	0.00019468293788875
ctarjeta_master_transacciones_delta1	0.000201860201888998	0.000534088465937829	0.000239862522630865
ccajeros_propios_descuentos_tend6	0.000200654143439179	0.000289872659618172	0.000201254513851239
catm_trx_lag1	0.000197171174423131	0.00025503472833737	0.00027107750845269
ctarjeta_master_transacciones	0.000195939710683437	0.000371905075561872	0.000213576218780907
rf_009_021	0.000191778681536856	0.000178080385099096	0.000108431003381076
vmr_Visa_mlimitecompra_delta1	0.00019126623725582	0.000906997969184624	0.000279291978405801
cforex_buy_tend6	0.000191194969859394	0.00108832196681907	0.000181539785963771
rf_013_018	0.000190175403833968	0.000131719272281395	0.000138003095212278
Master_delinquency_tend6	0.00018872295450184	0.00168932262942736	0.000195504384884061
rf_006_022	0.000188697921638432	0.000175603904172118	0.000101859427418586
tcuentas_tend6	0.000185620606245304	0.00208690292168601	0.000211933324790285
vmr_Master_mlimitecompra_delta1	0.000184804085948995	0.000297494835291556	0.00027107750845269
rf_018_019	0.000183076563710232	4.93149207185027e-05	4.51795847421149e-05
rf_002_023	0.000181451759032049	7.86836999295811e-05	0.000179896891973149
cinversion2	0.000180699826891292	0.00311364720436171	0.000216040559766841
vm_Finiciomora	0.000179347752477332	0.000601404523661044	0.000170860975024726
rf_015_004	0.000179083412976408	0.00165830878357861	0.000112538238357632
vmr_msaldodolares	0.000178446732127563	0.00218255275851839	0.00025054133356991
Master_cconsumos_delta1	0.00017716371706912	0.000161230377320746	0.000221790688734019
vm_status02_tend6	0.00017547129964849	0.000136950926761464	0.000184825573945016
rf_020_017	0.000173903513456143	9.62134977784869e-05	0.000216862006762152
vmr_mconsumosdolares_delta1	0.000173166585150826	0.000502697848155337	0.000288327895354224
rf_001_021	0.00017243819211423	5.37221850803996e-05	0.000105966662395142
cpagodeservicios_tend6	0.000171675783694627	0.000488359067921021	0.000128967178263855
Master_status_tend6	0.000171617355373057	0.000119969129411546	0.000127324284273233
Master_cconsumos	0.000171096076558868	0.000187176197331799	0.000238219628640242
Master_delinquency	0.000170444721284438	5.18628524354827e-06	1.06788109390453e-05
vm_status04_tend6	0.000169777538647004	0.0002698446174268	0.000184825573945016
rf_006_023	0.000169202436947421	2.08388445686565e-05	6.8180100610828e-05
cprestamos_prendarios	0.00016456014726069	0.00280380355954885	0.000210290430799662
rf_002_021	0.000164453307309571	0.00105669229691725	0.0001322529662451
ctarjeta_master_transacciones_lag1	0.000161274661334443	0.000263589391516703	0.000212754771785596
rf_011_018	0.000160558038218151	6.0954951069512e-05	0.00011828836732481
ccajas_otras	0.000160159888692008	0.00036860184393462	0.000103502321409209
Visa_status	0.000157834506928155	0.00112845928977127	5.83227366670938e-05
vmr_msaldodolares_lag1	0.000156509971909383	0.000471485108870599	0.000165110846057547
ccallcenter_transacciones_lag1	0.000155647252161812	0.000358799440388212	0.000197147278874683
active_quarter	0.000153139489960106	0.000103483917930904	0.00018071833896846
Visa_status_lag1	0.000149706363887367	6.68068341034103e-05	2.30005158687131e-05
cseguro_vivienda_lag1	0.000147345268700697	0.00029843017276858	0.000188932808921572
rf_015_017	0.000146551556646124	0.000263063643822176	0.000189754255916883
rf_009_015	0.000146507309048509	0.00025106230047144	0.000112538238357632
rf_013_021	0.000145778928920218	6.21669948291723e-05	0.00014621756516539
rf_009_022	0.000145045670726418	0.000428197186075433	0.000168396634038792
vmr_msaldodolares2	0.00014405941593481	0.000416336786748812	0.000199611619860617
rf_010_019	0.00014230480930883	7.0822673649971e-05	0.000129788625259167
ctarjeta_master_descuentos_tend6	0.000141075370610214	0.000972583144474442	0.000199611619860617
rf_016_015	0.000139124153892764	4.34028428409721e-05	0.000128145731268544
ccheques_emitidos	0.000138892744207525	0.0024905683340054	0.000151146247137257
ccheques_emitidos_tend6	0.000138761230270434	0.00107175710008624	0.000167575187043481
vmr_msaldodolares2_lag1	0.000138230849310182	0.000271685785104557	0.000173325316010659
rf_020_016	0.000137400492643558	0.000108522839518521	0.000197147278874683
Master_Fvencimiento_delta1	0.000136823633875239	0.00019051296649747	0.000212754771785596
Master_Finiciomora_tend6	0.000135927662202118	0.00100368015766095	0.000211111877794973
rf_012_006	0.000134759918608721	2.03885779262594e-05	1.31431519249789e-05
rf_012_018	0.000134478318948372	0.000137147574765697	0.000112538238357632
vmr_msaldodolares_delta1	0.000132772511994175	0.000198056235395916	0.000161825058076303
catm_trx_other_delta1	0.00012881837594496	0.000893411523739158	0.000184825573945016
internet_delta1	0.000126078191445665	0.000532708072371588	0.000241505416621487
rf_004_025	0.000125781774084974	0.000182475616249783	0.000101037980423275
vmr_msaldodolares2_delta1	0.000125160120471777	0.000218737122476763	0.000191397149907505
rf_019_017	0.00012503525919125	4.07807543008469e-05	8.78948284982963e-05
rf_002_016	0.000125009432689799	9.13646894129401e-05	0.000148681906151324
rf_016_022	0.000124457479856481	6.21296285417334e-05	0.000161003611080991
rf_006_019	0.000123897278081266	0.000273984272383434	0.000164289399062236
catm_trx_other_lag1	0.000122225305354288	0.000322204861783984	0.000150324800141946
rf_006_020	0.000122144771984942	0.000113706677817206	0.00013882454220759
tcuentas	0.000120441661383754	0.000362620215247804	9.93950864326528e-05
rf_008_016	0.000120168398302299	0.000114746600596437	8.95377224889187e-05
cseguro_vivienda	0.000119824813267874	0.000428645869400566	0.000209468983804351
cseguro_accidentes_personales	0.000118121152139604	0.000135660667128944	0.000150324800141946
rf_004_015	0.000118070266329129	8.00240499628277e-05	0.000151967694132568
cseguro_accidentes_personales_lag1	0.000117897844544763	0.000192512005300276	0.000175789656996593
cpayroll2_trx_tend6	0.000116554812956876	0.00059731970905693	9.44664044607858e-05
rf_002_012	0.000115635895113816	8.22316548307304e-05	2.79291978405801e-05
rf_011_025	0.000114745171070887	7.70704723627189e-05	6.8180100610828e-05
rf_011_021	0.000114363838502764	9.59352081785858e-05	1.47860459156013e-05
rf_003_027	0.000114006202159515	5.86728727150112e-05	0.00010432376840452
cplazo_fijo_delta1	0.000113685150659037	0.000442869326562864	9.85736394373417e-05
cseguro_vida_tend6	0.000112562469933647	0.00242310735957111	0.000238219628640242
vmr_mpagosdolares_delta1	0.000112130970978153	0.00032750059743188	0.000133895860235722
vm_Fvencimiento_delta1	0.00010878158986017	0.00019733542301442	0.000207004642818417
ctarjeta_visa_descuentos_lag1	0.000108352653033196	0.000169869359341302	6.32514186389609e-05
rf_003_023	0.000108318095184938	4.3464678577042e-05	0.000135538754226345
Visa_fechaalta_delta1	0.000107126668118696	3.94357118909804e-05	0.000141288883193523
rf_001_026	0.000107093184324209	4.55678420806702e-05	5.83227366670938e-05
Visa_Fvencimiento_delta1	0.000106018995737275	0.000125935702190557	0.000155253482113813
ccheques_depositados_rechazados_tend6	0.000104671217962293	0.000320241605951352	6.57157596248945e-05
ctarjeta_master_debitos_automaticos_delta1	0.00010464152701761	0.000289816754124946	9.36449574654746e-05
rf_014_019	0.000104560287817166	8.17587611452463e-05	0.000157717823099747
active_quarter_lag1	0.000103128779556529	3.75838352309993e-05	0.000102680874413898
cpayroll_trx_delta1	0.00010228491585912	0.000345241724954198	0.000140467436198212
rf_015_013	0.000101820820855911	0.000200403258545843	0.000117466920329499
rf_020_023	9.98861201266993e-05	6.69216677864562e-05	0.000102680874413898
rf_020_013	9.96748555151563e-05	7.49351243372442e-05	0.000168396634038792
ctarjeta_master_debitos_automaticos_lag1	9.82904534946463e-05	0.000115865602876126	0.000110073897371698
rf_013_027	9.66932614791717e-05	2.70969492374161e-05	5.75012896717826e-05
Visa_Finiciomora_lag1	9.65413110958343e-05	0.00125094649817247	0.000140467436198212
vm_status01_lag1	9.52310618724287e-05	0.000325029269482908	3.77865617843143e-05
rf_019_021	9.46169957950711e-05	4.9034299324085e-05	0.000133074413240411
rf_003_017	9.34088972275567e-05	5.196991347014e-05	6.8180100610828e-05
rf_009_016	9.31096549914466e-05	5.01457880436651e-05	9.52878514560969e-05
rf_002_024	9.20641621927495e-05	5.06644539918825e-05	0.000133074413240411
catm_trx_other	9.1054250313357e-05	0.000617312515242273	0.000186468467935638
Master_Finiciomora	9.09984351499131e-05	0.00039931894734044	8.37875935217404e-05
rf_007_006	8.98760448574702e-05	1.30957322438612e-05	1.56074929109124e-05
rf_007_016	8.97950747115707e-05	6.20173857414837e-05	9.28235104701634e-05
rf_004_021	8.8143625180975e-05	8.54618235631295e-05	9.93950864326528e-05
rf_017_019	8.80241636388359e-05	3.39178224371021e-05	9.69307454467193e-05
rf_012_014	8.78480308223757e-05	5.22941768458808e-05	0.000111716791362321
rf_014_021	8.782384916086e-05	6.79538467048853e-05	0.000113359685352943
vmr_mpagosdolares_lag1	8.63002164593528e-05	0.000233836614687637	0.000124038496291988
rf_008_015	8.56998427606416e-05	6.98756772003645e-05	8.70733815029851e-05
vm_fechaalta_delta1	8.53449724436e-05	4.66859807327607e-05	0.000147860459156013
rf_019_022	8.51962034357855e-05	2.03217331501168e-05	7.96803585451845e-05
ccajas_extracciones	8.45690363786026e-05	0.000283173471547148	0.000124859943287299
rf_005_013	8.37738851808974e-05	0.000126295921261992	0.000125681390282611
vm_Finiciomora_lag1	8.2350412586022e-05	0.000527560045830664	0.000121574155306055
rf_003_020	8.23200631419939e-05	0.000109562157758433	0.00013882454220759
vmr_mpagosdolares	8.22400660455068e-05	8.29073570639856e-05	7.88589115498733e-05
Visa_Finiciomora	8.21018559781334e-05	0.000775402627463649	0.000128967178263855
rf_020_019	8.2037402834306e-05	3.64151455767959e-05	0.00011828836732481
vm_status03_tend6	8.16757532077272e-05	0.000292260964167318	0.000133074413240411
rf_017_013	8.13646611010882e-05	0.00024027124483758	9.03591694842299e-05
vm_status02_lag1	7.96425392082312e-05	6.23060676601563e-05	2.05361748827795e-05
rf_012_017	7.87581849409037e-05	2.32443640946041e-05	8.37875935217404e-05
rf_013_026	7.87178002433058e-05	0.000322443050275717	6.73586536155168e-05
Master_fechaalta_delta1	7.77810595789972e-05	4.02302204942359e-05	0.000137181648216967
rf_011_023	7.72966518953359e-05	3.02427415534181e-05	6.07870776530274e-05
rf_010_017	7.69846326606563e-05	2.38777197879344e-05	8.70733815029851e-05
ctarjeta_master_debitos_automaticos	7.6627733514825e-05	0.000122722892372893	9.52878514560969e-05
rf_006_021	7.55831684106648e-05	9.19359214943343e-05	0.000137181648216967
rf_008_020	7.55287216955067e-05	9.43764179380308e-05	6.90015476061392e-05
ctarjeta_visa	7.51966206022713e-05	0.000122561768250554	5.83227366670938e-05
cseguro_vida_lag1	7.48533653762011e-05	0.000827033451950936	0.000129788625259167
cinversion2_lag1	7.35490282188241e-05	0.00176159015205002	0.000120752708310744
ccaja_seguridad_tend6	7.27103390852892e-05	0.00131373375034305	8.78948284982963e-05
rf_002_017	7.23796329543254e-05	7.55490771971895e-05	9.69307454467193e-05
ctarjeta_master_lag1	7.17512729103788e-05	0.00126322497961964	3.61436677936919e-05
rf_010_023	7.17247714128161e-05	0.000115416833188234	9.44664044607858e-05
rf_016_021	7.12781691021369e-05	0.00039757128174404	0.000126502837277922
cseguro_vivienda_tend6	7.10962666290342e-05	0.000389353893929603	0.000107609556385765
rf_015_019	7.06403752206608e-05	0.000105201183835828	9.20020634748522e-05
vm_status06_lag1	7.0524836310703e-05	1.20539382714995e-06	2.46434098593354e-06
cforex_sell_lag1	6.95674032863676e-05	0.000126893090958935	6.65372066202056e-05
ctarjeta_master_descuentos_delta1	6.95496639901325e-05	0.000114925141208684	6.07870776530274e-05
rf_004_017	6.90297467129727e-05	8.6088874774989e-05	0.000129788625259167
cseguro_vida	6.8824585570971e-05	0.000902892139642275	0.000133074413240411
rf_010_025	6.87771662575736e-05	5.85589890223239e-05	6.07870776530274e-05
cinversion1_tend6	6.75184169052744e-05	0.000400010972135311	6.8180100610828e-05
cseguro_auto_tend6	6.72619519975993e-05	0.000402112955347888	8.05018055404957e-05
rf_013_020	6.71792377928465e-05	4.85239817759887e-05	4.92868197186708e-05
ccajeros_propios_descuentos_delta1	6.69974057840847e-05	0.000124062753017167	4.60010317374261e-05
rf_020_020	6.66243791180972e-05	8.3644722307791e-05	1.8071833896846e-05
rf_006_015	6.582340768734e-05	0.000197586882583587	0.000136360201221656
rf_012_019	6.54323656245296e-05	5.22418698009837e-05	8.13232525358069e-05
tcallcenter_lag1	6.54205864390798e-05	6.14249659963337e-05	9.20020634748522e-05
rf_002_019	6.5010709263034e-05	0.000133149151709044	8.87162754936075e-05
rf_014_015	6.48563906961102e-05	7.07363972528567e-05	9.77521924420305e-05
rf_019_013	6.48532362428413e-05	9.51327829890085e-05	5.33940546952267e-05
rf_009_026	6.39994775466088e-05	0.000361372762756595	8.95377224889187e-05
rf_007_021	6.28208806709975e-05	1.818555028463e-05	7.80374645545621e-05
rf_011_017	6.27420928373022e-05	0.000109495428132637	0.000125681390282611
cprestamos_hipotecarios	6.15671362208016e-05	0.00299446003216565	0.000114181132348254
ccajeros_propios_descuentos_lag1	6.08874168769515e-05	4.03774402122347e-05	2.95720918312025e-05
rf_007_018	6.01247090776647e-05	2.29745956203439e-05	3.61436677936919e-05
cliente_edad_delta1	5.99346396718119e-05	5.83314231500555e-05	0.000128967178263855
rf_005_014	5.91040874916459e-05	0.000827931739803974	0.000123217049296677
cforex_lag1	5.87491444950671e-05	6.4685649570555e-05	4.92868197186708e-05
ctarjeta_visa_descuentos_delta1	5.83612273319935e-05	0.000537330380005571	7.47516765733174e-05
rf_005_017	5.83409315194605e-05	3.20536534776323e-05	8.95377224889187e-05
rf_015_018	5.64594585242717e-05	5.86163338948803e-05	3.94294557749367e-05
rf_006_024	5.62780954104568e-05	4.68204763374714e-05	6.73586536155168e-05
cplazo_fijo_lag1	5.62034132419825e-05	0.000231034315855241	6.48943126295833e-05
rf_001_022	5.55787523805879e-05	7.69588916769615e-05	9.20020634748522e-05
cseguro_accidentes_personales_tend6	5.54559386505814e-05	0.000125686574415907	8.6251934507674e-05
rf_020_015	5.52201335215752e-05	5.41247219041729e-05	7.31087825826951e-05
ccajas_depositos_delta1	5.51833038312371e-05	0.000428206542041086	6.32514186389609e-05
rf_017_016	5.46321975682155e-05	3.51031513163746e-05	6.57157596248945e-05
rf_008_018	5.41979438578392e-05	2.84493036942852e-05	2.38219628640242e-05
cinversion2_tend6	5.40943454187688e-05	0.00243937948533556	0.000103502321409209
rf_009_019	5.35868062075394e-05	1.62773075300377e-05	2.87506448358913e-05
rf_017_014	5.29147656425678e-05	9.51170073915382e-05	9.52878514560969e-05
ccheques_depositados_lag1	5.26002835803309e-05	0.000228610228335921	5.99656306577162e-05
ccajas_extracciones_delta1	5.23558279123018e-05	8.22003627240694e-05	7.88589115498733e-05
rf_014_017	5.22156063646031e-05	5.11233569102671e-05	8.37875935217404e-05
rf_010_027	5.20525718537144e-05	0.000129346369091093	2.7107750845269e-05
rf_001_023	5.18714824260405e-05	0.000314426571028334	0.000100216533427964
rf_004_022	5.18423393713e-05	5.71026250149797e-05	7.7216017559251e-05
rf_001_019	5.1126035798057e-05	6.07607212225551e-05	0.000101037980423275
cforex	5.10093709784184e-05	4.45308268476883e-05	5.33940546952267e-05
rf_012_020	5.0848645186573e-05	6.01012551881562e-05	5.58583956811603e-05
rf_008_019	4.99274841720124e-05	4.52519271050507e-05	0.000100216533427964
rf_010_010	4.93457447440214e-05	0.000108359210876146	7.63945705639398e-05
cforex_sell	4.92680399616226e-05	7.00595723037231e-05	6.32514186389609e-05
ccheques_depositados_delta1	4.78281392010809e-05	0.000415722833888866	7.55731235686286e-05
rf_010_015	4.75868641916636e-05	6.67139653489589e-05	9.36449574654746e-05
rf_005_021	4.74444651391665e-05	4.23093463630325e-05	6.48943126295833e-05
ccajas_consultas_lag1	4.71460201530022e-05	8.17430143353626e-05	7.55731235686286e-05
rf_016_016	4.69771004475496e-05	6.11860290273486e-05	7.80374645545621e-05
rf_005_020	4.54894709259179e-05	7.86413246020696e-05	9.52878514560969e-05
ctarjeta_master_tend6	4.53323695488643e-05	9.20934183807581e-05	5.0108266713982e-05
rf_003_028	4.5023448760492e-05	0.000426876152512812	7.55731235686286e-05
ccajas_extracciones_lag1	4.49381035725102e-05	0.000322247784075642	8.21446995311181e-05
rf_004_023	4.38489583392898e-05	6.96863124555471e-05	6.40728656342721e-05
ccheques_emitidos_rechazados_tend6	4.36825343103731e-05	0.000164159226383944	3.94294557749367e-05
rf_018_017	4.36222555692702e-05	7.51535357569659e-05	8.95377224889187e-05
cprestamos_prendarios_tend6	4.35894334015784e-05	0.0012366536629264	9.69307454467193e-05
cforex_buy	4.32886681027287e-05	0.000367761073679658	3.69651147890031e-05
rf_013_022	4.32348563734074e-05	2.56746697326355e-05	7.14658885920727e-05
rf_003_024	4.31167578861176e-05	2.80938921498165e-05	4.76439257280485e-05
rf_010_016	4.27106774980036e-05	2.14156326542692e-05	6.07870776530274e-05
rf_014_022	4.24254149362689e-05	4.79171394499398e-05	4.92868197186708e-05
vm_status05	4.19911403710106e-05	9.46630559380531e-05	2.38219628640242e-05
rf_014_018	4.19672764163146e-05	2.10209260540578e-05	3.2036432817136e-05
rf_017_012	4.17788589687179e-05	3.12471692383409e-05	2.13576218780907e-05
cprestamos_hipotecarios_lag1	4.14698990237224e-05	0.00345344983148662	0.000110073897371698
rf_011_019	4.1348752527841e-05	7.13578060977378e-05	3.45007738030696e-05
rf_012_008	4.13049611825353e-05	0.00011331942720193	7.7216017559251e-05
rf_017_017	4.09496394772396e-05	0.00010630677110015	7.22873355873839e-05
ctarjeta_visa_tend6	4.07164275441978e-05	0.000103588330507592	3.45007738030696e-05
cprestamos_prendarios_lag1	3.96417029637469e-05	0.00231729530314711	9.61092984514081e-05
vm_Finiciomora_delta1	3.95941343531482e-05	0.000182135577276572	2.62863038499578e-05
cforex_sell_delta1	3.95866178676803e-05	3.76464194443215e-05	4.84653727233597e-05
rf_001_017	3.94983789593369e-05	4.70207227900329e-05	6.24299716436497e-05
rf_006_017	3.92646055169973e-05	4.27197997731276e-05	7.7216017559251e-05
rf_007_019	3.91861110483566e-05	3.02527020583903e-05	8.05018055404957e-05
ccajas_transacciones_lag1	3.85216495198247e-05	3.62306747217047e-05	6.48943126295833e-05
ctarjeta_visa_lag1	3.84517288670574e-05	5.00976551988286e-05	3.12149858218249e-05
ccajas_otras_lag1	3.82287896589777e-05	6.52183638610453e-05	3.94294557749367e-05
rf_010_026	3.80935482340475e-05	2.25910586037429e-05	3.03935388265137e-05
ctarjeta_debito_delta1	3.79410868572655e-05	0.000938426241130421	8.70733815029851e-05
Master_cadelantosefectivo_tend6	3.78109963498675e-05	6.97541935848082e-05	3.77865617843143e-05
rf_002_026	3.77746493222927e-05	0.000263535328429022	4.92868197186708e-05
Master_status_lag1	3.77092550188945e-05	0.000221573534599309	2.38219628640242e-05
cforex_delta1	3.76351088224501e-05	5.31156594178035e-05	4.92868197186708e-05
Visa_Finiciomora_delta1	3.6848381703894e-05	0.000372482698487497	2.62863038499578e-05
rf_008_009	3.65167864509392e-05	6.95642818758449e-05	3.36793268077584e-05
cseguro_auto_lag1	3.64469073711953e-05	0.000213299492814395	5.25726076999156e-05
rf_004_026	3.56903651665726e-05	0.000113684655313438	6.8180100610828e-05
rf_015_022	3.56193547641771e-05	4.19557772241077e-05	5.33940546952267e-05
rf_011_024	3.48971192369743e-05	0.000128570543631557	3.12149858218249e-05
rf_010_024	3.48679418349699e-05	2.56836802472491e-05	2.21790688734019e-05
ccheques_depositados	3.4818489369829e-05	0.000261580795235137	4.60010317374261e-05
rf_007_010	3.43990483843942e-05	4.52871631110793e-05	2.54648568546466e-05
vm_status01_delta1	3.43416345309385e-05	7.1570114549095e-05	4.1072349765559e-05
rf_008_006	3.39801814278281e-05	3.70840827271943e-05	1.39645989202901e-05
cforex_buy_delta1	3.34995880407447e-05	0.000121110528433629	2.87506448358913e-05
ctarjeta_visa_descuentos	3.31523907692471e-05	0.000153018574298114	4.02509027702479e-05
rf_001_024	3.30920244321702e-05	0.00015495364708344	7.55731235686286e-05
rf_020_022	3.25214982167302e-05	4.53405352966815e-05	3.28578798124472e-05
cseguro_auto	3.22309339107218e-05	0.000251075801849567	5.99656306577162e-05
Visa_delinquency_lag1	3.19672057004563e-05	3.80199383807771e-05	3.2036432817136e-05
rf_005_016	3.17201183869833e-05	4.64768677035188e-05	7.55731235686286e-05
vm_status03_delta1	3.16840686332884e-05	0.000187459927785573	2.87506448358913e-05
cinversion1	3.04507917690605e-05	0.00192450471833866	8.46090405170516e-05
rf_013_017	3.01742952373879e-05	3.49861297767452e-05	5.9144183662405e-05
rf_002_020	3.01384874733825e-05	4.4067836092003e-05	4.92868197186708e-05
cseguro_vivienda_delta1	2.87470269152966e-05	2.52917948305269e-05	1.56074929109124e-05
cpagodeservicios_lag1	2.84329318775534e-05	2.52847130842172e-05	1.88932808921572e-05
rf_017_004	2.81620693383513e-05	0.00030165078402222	9.1180616479541e-05
rf_003_025	2.80844766050374e-05	4.92632470005113e-05	1.31431519249789e-05
rf_014_020	2.78843665580385e-05	2.56243202436289e-05	2.87506448358913e-05
rf_003_026	2.77199737274293e-05	6.30703205098691e-05	4.43581377468037e-05
ctarjeta_master_delta1	2.64745990235155e-05	1.43695541644181e-05	8.21446995311181e-06
rf_006_010	2.59098833130166e-05	0.000115434048165035	7.31087825826951e-05
rf_012_015	2.57113784551107e-05	7.18720675452016e-05	4.02509027702479e-05
rf_005_022	2.56325203836731e-05	6.94686495130777e-05	4.35366907514926e-05
rf_019_018	2.54719025973003e-05	0.000184627488349981	4.92868197186708e-05
rf_017_008	2.49912943035474e-05	5.39888157077177e-05	2.87506448358913e-05
rf_015_016	2.49750861533698e-05	0.000130454979052011	4.18937967608702e-05
ctarjeta_master_descuentos_lag1	2.45568040438005e-05	4.24063317423711e-05	2.13576218780907e-05
rf_009_024	2.4196720299277e-05	3.9968483756644e-05	5.0108266713982e-05
rf_001_018	2.41059018279987e-05	4.75954669569952e-05	3.2036432817136e-05
rf_017_018	2.3815743416675e-05	4.3295234842169e-05	2.79291978405801e-05
rf_001_014	2.37986463750118e-05	3.34150760242881e-05	2.30005158687131e-05
rf_014_010	2.26140791311232e-05	1.33809020769656e-05	2.05361748827795e-05
Master_Finiciomora_lag1	2.23688080442406e-05	0.00159374309188152	7.80374645545621e-05
rf_018_016	2.23322014831681e-05	5.45265678258673e-05	1.56074929109124e-05
Master_delinquency_lag1	2.21329443219237e-05	7.21488889781849e-06	4.92868197186708e-06
rf_004_018	2.20972135936177e-05	1.99621186180009e-05	3.12149858218249e-05
Visa_delinquency	2.19063358286289e-05	2.68860225902168e-05	2.62863038499578e-05
rf_010_022	2.16099592810748e-05	0.000292846993068237	4.35366907514926e-05
rf_020_004	2.13356604761693e-05	4.24122619852158e-05	2.79291978405801e-05
rf_016_020	2.11958267968486e-05	3.26112978181396e-05	2.54648568546466e-05
rf_001_020	2.07480418350353e-05	3.71610031586556e-05	3.36793268077584e-05
rf_013_023	2.05116394488538e-05	2.50875181158379e-06	4.1072349765559e-06
Master_status_delta1	2.02048062154157e-05	6.46570059218634e-05	1.88932808921572e-05
ccheques_emitidos_delta1	2.01422978401232e-05	7.75219480837543e-05	1.97147278874683e-05
ccheques_emitidos_lag1	2.01144430080083e-05	0.000200847076768836	3.28578798124472e-05
rf_016_023	1.95330235567296e-05	5.99811821643445e-05	4.02509027702479e-05
ccheques_depositados_rechazados_delta1	1.93953039209342e-05	2.52366378145539e-05	1.47860459156013e-05
rf_016_012	1.89907591659201e-05	4.3434998575232e-05	3.2036432817136e-05
Visa_cadelantosefectivo_tend6	1.87305399770791e-05	0.00061088300928275	3.94294557749367e-05
rf_008_022	1.85786499490516e-05	2.38833909424994e-05	2.95720918312025e-05
rf_016_018	1.81148372368689e-05	0.000235006974021865	1.47860459156013e-05
active_quarter_delta1	1.78203840911674e-05	4.79995870980329e-05	4.27152437561814e-05
vm_status02_delta1	1.77496923039392e-05	5.65050522918239e-05	2.54648568546466e-05
ccaja_seguridad_delta1	1.73307138960395e-05	0.000740066210332854	2.79291978405801e-05
Visa_delinquency_delta1	1.73049334878625e-05	2.0140227416448e-05	3.03935388265137e-05
ccajas_depositos_lag1	1.72009632552384e-05	0.000133301466829876	2.7107750845269e-05
rf_019_025	1.71794842074938e-05	2.85131545614188e-05	1.47860459156013e-05
rf_001_010	1.70725021360977e-05	1.12746295139819e-05	1.97147278874683e-05
rf_013_008	1.68809225836236e-05	9.18752948369026e-05	3.69651147890031e-05
rf_019_016	1.66337460645455e-05	1.55406331883114e-05	2.62863038499578e-05
rf_009_020	1.65800036196898e-05	1.34623133719403e-05	1.88932808921572e-05
cinversion1_lag1	1.60368178400346e-05	7.76225606990076e-05	2.79291978405801e-05
ccajas_depositos	1.5697991779896e-05	5.79890235947412e-05	3.36793268077584e-05
rf_019_009	1.55545347386855e-05	4.50415474219973e-05	1.39645989202901e-05
ccajeros_propios_descuentos	1.54578550258746e-05	5.93055950814358e-06	1.31431519249789e-05
rf_016_014	1.51656147909977e-05	3.77103278866283e-05	2.30005158687131e-05
rf_002_022	1.50067776024973e-05	5.17190296527056e-05	2.38219628640242e-05
rf_005_019	1.41640357086467e-05	3.71670773394334e-05	3.61436677936919e-05
rf_002_018	1.37663875357425e-05	7.40085670741413e-06	2.30005158687131e-05
vm_cadelantosefectivo_tend6	1.33858551633466e-05	6.52127790692401e-05	1.15002579343565e-05
cseguro_vida_delta1	1.277321919448e-05	3.41186158538095e-05	1.64289399062236e-05
cprestamos_prendarios_delta1	1.25928524228475e-05	4.6769493521559e-05	1.64289399062236e-05
vmr_madelantopesos_tend6	1.22937918992545e-05	0.000195970805045649	1.72503869015348e-05
cseguro_accidentes_personales_delta1	1.20920245572125e-05	3.47300354061317e-05	1.23217049296677e-05
rf_003_021	1.19897674683647e-05	5.54091664441943e-05	3.03935388265137e-05
rf_009_023	1.1926384883611e-05	1.99682791615386e-05	2.46434098593354e-05
rf_013_016	1.18683784436453e-05	0.000104432324972256	4.76439257280485e-05
rf_019_019	1.17390588558302e-05	2.17236022559804e-05	2.05361748827795e-05
rf_005_018	1.12836866863546e-05	1.69357372113182e-06	4.92868197186708e-06
rf_011_012	1.09899924739531e-05	1.23340414893579e-06	4.92868197186708e-06
vmr_madelantopesos_delta1	1.041613744546e-05	5.58233622405507e-05	9.85736394373417e-06
rf_011_020	1.03507967873193e-05	6.79036411538118e-05	8.21446995311181e-06
rf_005_003	8.86452007867222e-06	0.000203498471072145	3.12149858218249e-05
rf_018_018	8.68721108671785e-06	1.63548037132315e-06	6.57157596248944e-06
ccheques_emitidos_rechazados	8.47794787967763e-06	1.07088958616331e-05	6.57157596248944e-06
rf_009_025	8.36452282180841e-06	1.45482675021843e-05	1.72503869015348e-05
rf_005_008	8.34264110450185e-06	1.97653842510076e-05	7.39302295780063e-06
rf_018_022	7.88167808418819e-06	1.55210576294066e-05	1.15002579343565e-05
rf_001_016	7.83582575263043e-06	1.50191748441913e-05	2.13576218780907e-05
rf_016_024	7.81385158506161e-06	1.66914169636342e-05	1.64289399062236e-05
rf_004_020	7.56328235408766e-06	3.73562117835577e-05	1.64289399062236e-06
Master_cadelantosefectivo_delta1	7.22471928502839e-06	2.83829770947018e-05	6.57157596248944e-06
rf_011_010	7.03144151302847e-06	1.52084820138354e-06	3.28578798124472e-06
rf_020_014	6.86911978942286e-06	0.000120010122934899	1.72503869015348e-05
rf_010_018	6.866041115794e-06	3.25299728859247e-05	9.03591694842298e-06
rf_004_024	6.77801907009384e-06	1.13438060846411e-05	1.23217049296677e-05
vm_status03	6.71876767024812e-06	1.76079273590052e-06	7.39302295780063e-06
rf_004_027	6.58977314979929e-06	9.74718895526129e-06	4.92868197186708e-06
vm_status03_lag1	6.56825052089913e-06	1.02627746317099e-07	2.46434098593354e-06
cpagodeservicios	6.43991539446911e-06	2.77991648379527e-05	6.57157596248944e-06
rf_020_018	6.40693820405541e-06	1.20880227740631e-05	1.31431519249789e-05
rf_007_014	6.33513094630809e-06	7.03565738349303e-06	6.57157596248944e-06
cinversion2_delta1	6.30794360325056e-06	9.28232700644544e-06	6.57157596248944e-06
rf_004_010	6.22204797023207e-06	1.31699754297663e-05	6.57157596248944e-06
rf_019_026	6.04117881785394e-06	2.79562874857503e-05	9.85736394373417e-06
vm_status05_lag1	5.82404621761071e-06	1.86265761117206e-05	7.39302295780063e-06
cinversion1_delta1	5.76078263422044e-06	0.000273879974957092	1.15002579343565e-05
rf_011_026	5.72156845691959e-06	7.74409110274057e-06	1.06788109390453e-05
rf_018_014	5.6978408012622e-06	0.000336827314896901	2.38219628640242e-05
rf_006_014	5.40855274331713e-06	1.9350670278092e-05	4.1072349765559e-06
Master_delinquency_delta1	5.3412389078229e-06	3.78332220939292e-06	5.75012896717826e-06
ccheques_depositados_rechazados_lag1	5.19866860150469e-06	5.66332434150637e-06	3.28578798124472e-06
rf_014_014	5.1952183062245e-06	1.45744929935994e-05	1.15002579343565e-05
rf_003_019	5.15395347048736e-06	0.000298798970540829	1.39645989202901e-05
vm_cadelantosefectivo_delta1	5.0660216911081e-06	7.57499569766567e-05	5.75012896717826e-06
cpagodeservicios_delta1	4.82223624694652e-06	9.0638580115505e-06	4.1072349765559e-06
cprestamos_hipotecarios_tend6	4.47269330911844e-06	7.44044827529909e-05	1.31431519249789e-05
rf_011_016	4.34342688992251e-06	0.000161391069629285	1.15002579343565e-05
cseguro_auto_delta1	3.37858120914579e-06	6.12657418547124e-06	3.28578798124472e-06
cliente_antiguedad_tend6	3.3615265570423e-06	6.64482271368262e-05	4.1072349765559e-06
rf_018_020	3.29529534308862e-06	1.09487828209768e-06	2.46434098593354e-06
ctarjeta_visa_delta1	3.2434574787304e-06	1.05224386630648e-06	7.39302295780063e-06
ctarjeta_master_descuentos	3.16476726994916e-06	3.79155545916759e-06	4.1072349765559e-06
rf_016_008	3.073276660436e-06	3.57944852091671e-07	7.39302295780063e-06
Visa_cadelantosefectivo	2.95236618063705e-06	2.99848623524339e-06	1.64289399062236e-06
rf_014_006	2.76416407200353e-06	3.2633665772947e-05	6.57157596248944e-06
tcuentas_delta1	2.70509496289193e-06	6.62582866402764e-05	1.15002579343565e-05
rf_006_016	2.67570451135125e-06	0.000540639743388775	1.56074929109124e-05
Visa_cadelantosefectivo_delta1	2.57731173290148e-06	5.66893792089819e-06	2.46434098593354e-06
rf_002_008	2.47070869449265e-06	1.6202805255853e-06	4.1072349765559e-06
vm_cadelantosefectivo	1.95941750715182e-06	1.97350421347052e-06	8.21446995311181e-07
cforex_buy_lag1	1.78189443815388e-06	5.10380880786847e-06	1.64289399062236e-06
rf_006_018	1.75155234685864e-06	0.000179960962982941	1.06788109390453e-05
Master_Finiciomora_delta1	1.74173499906679e-06	1.70819781513717e-06	2.46434098593354e-06
vmr_madelantopesos	1.65573917041257e-06	1.81897244846906e-06	8.21446995311181e-07
ccheques_depositados_rechazados	1.60981836115829e-06	6.81085511954065e-07	8.21446995311181e-07
vmr_madelantopesos_lag1	9.72562967737599e-07	0.000255125495597998	6.57157596248944e-06
vm_cadelantosefectivo_lag1	8.28537714990572e-07	0.000176660149512965	4.1072349765559e-06
rf_009_014	6.70786394641186e-07	4.17045767432205e-07	8.21446995311181e-07
Visa_cadelantosefectivo_lag1	5.87464018866488e-07	0.00015217466619621	4.92868197186708e-06
rf_010_020	3.61719012623015e-07	1.25772965963367e-07	8.21446995311181e-07
rf_019_020	1.36286825702509e-07	3.93842972612687e-07	1.64289399062236e-06
Master_cadelantosefectivo	1.34572939620553e-07	2.16338713484712e-07	1.64289399062236e-06
rf_006_012	1.30874315751195e-07	1.4301673035157e-07	8.21446995311181e-07
cliente_vip_lag1	1.1834116458886e-07	1.29800637208031e-05	8.21446995311181e-07
rf_013_028	1.06735356344987e-07	5.41206628544589e-08	8.21446995311181e-07
ccuenta_corriente_lag1	9.47856417987553e-08	1.7830397828441e-05	8.21446995311181e-07
rf_014_016	6.56073412138243e-08	1.38900105464236e-07	8.21446995311181e-07
