Feature	Gain	Cover	Frequency
rf_019_015	0.0533696754586273	0.000805296561247749	0.000127324284273233
ctrx_quarter_normalizado	0.0442332323576122	0.00495607753369081	0.000928235104701634
rf_001_025	0.0213952792923968	0.00275469715836054	0.000149503353146635
rf_011_015	0.0163758321363625	0.000188000555512732	0.000127324284273233
rf_016_017	0.0152694403220921	0.00169939076971411	0.000112538238357632
ctrx_quarter	0.0136122032234591	0.00254780128590004	0.00103338032010147
rf_009_018	0.00906864095546686	0.00632045173264173	0.000165932293052858
cpayroll_trx	0.00886135077166521	0.00263338213940423	0.000241505416621487
rf_012_013	0.00875154584686358	0.000107116122496518	9.85736394373417e-05
mprestamos_personales_rank	0.0083645442922089	0.0132639285249294	0.00328825232223066
mcuentas_saldo_rank	0.00795451437206506	0.00981135780804605	0.00270666784955034
rf_018_021	0.00739286759807444	0.0028089627146805	0.000149503353146635
mpayroll_sobre_edad_rank	0.0066792227764157	0.00472167868884745	0.00227212238903073
ccomisiones_mantenimiento_tend6	0.00648512476920443	0.004455421202336	0.00119191959019652
rf_015_015	0.00642126954722728	0.00258422442952448	0.000156074929109124
rf_008_021	0.00504764946817582	0.0011108233883339	0.000136360201221656
mprestamos_personales_rank_lag1	0.00468445183113075	0.00208183012614622	0.0025933081641974
ctrx_quarter_normalizado_lag1	0.00462573602720188	0.000860207333751126	0.000679336665122346
mpayroll_rank	0.00450335986080658	0.00448325241838865	0.00222940714527454
foto_mes	0.00436780776581165	0.00997435034209691	0.0017045025152707
mpasivos_margen_rank	0.00433033871826097	0.00286022519795856	0.0017192885611863
mcaja_ahorro_rank	0.00392889262524045	0.00327275675861544	0.00169135936334572
mactivos_margen_rank	0.00334032739035809	0.00580043928957288	0.00230087303386662
mrentabilidad_annual_rank_lag1	0.00328775656686775	0.00314856972256036	0.00255634304940839
cliente_edad_lag1	0.00317037863532742	0.00694574286973184	0.0032989311331697
mcuenta_corriente_rank	0.00314736292335455	0.00309602738800084	0.00276416913922212
mcuentas_saldo_rank_delta1	0.00302626520246963	0.0097155819925379	0.00305578282255759
mcuenta_corriente_rank_tend6	0.0029978666802407	0.00483035874176501	0.00322828669157294
ctrx_quarter_lag1	0.00294452599292847	0.00087451891301942	0.000906877482823543
cliente_edad	0.00289827678451743	0.00461379854298081	0.00362997427228011
mprestamos_personales_rank_tend6	0.00279301426596361	0.00245753350038116	0.00314121331006995
numero_de_cliente	0.00255087189876123	0.00358291108536997	0.00348786394209127
mcuenta_corriente_rank_lag1	0.00247247988089532	0.00271280103459207	0.00262370170302391
mtarjeta_visa_consumo_rank	0.00246837468424706	0.00170200918579961	0.00112538238357632
cprestamos_personales	0.00246590502217295	0.0058120736242213	0.00060540643554434
rf_007_017	0.00244711169078492	0.00562498985649859	0.000260398697513644
internet_tend6	0.00244050142677026	0.0042812086348839	0.00222283556931205
Visa_fechaalta	0.00239471069799502	0.00125651446767831	0.00187125625531887
mtransferencias_recibidas_rank	0.00237674842209463	0.00267005307594617	0.00232305210274002
mrentabilidad_annual_rank	0.00229503290262375	0.00275479120925786	0.00230908750381973
rf_002_015	0.00229275184686214	0.00332057613371474	0.000296542365307336
chomebanking_transacciones	0.00228830226603761	0.00328591338941425	0.00193040043898127
mrentabilidad_annual_rank_tend6	0.00228479296959199	0.00242262813869406	0.00305742571654821
mcuenta_debitos_automaticos_rank	0.00227787979694319	0.00364966876307631	0.00264670221889262
cdescubierto_preacordado_tend6	0.0022470757723314	0.00760847112320523	0.000515868713055421
ctrx_quarter_tend6	0.00221587851284334	0.00207506841005939	0.00216204849165903
mactivos_margen_rank_lag1	0.00217216817751747	0.0025172605931713	0.00195340095484999
mcuentas_saldo_rank_tend6	0.00216393680430232	0.00264099911196947	0.00282413476987984
mactivos_margen_rank_tend6	0.00216194726371248	0.00277038491129062	0.00288163605955162
mrentabilidad_annual_rank_delta1	0.00213560833058597	0.00540851450766791	0.00271898955448001
mpayroll_rank_tend6	0.00213312493356091	0.00152955721894211	0.0028652071196454
mcaja_ahorro_rank_tend6	0.00212841575815969	0.00226327009245282	0.00284138515678137
cdescubierto_preacordado_delta1	0.00212500042341471	0.0137365795698762	0.000450152953430527
mcaja_ahorro_dolares_rank	0.00211433007652848	0.00416439402755985	0.00296953088804992
Master_fechaalta	0.00209205952248925	0.00292417497764318	0.00262698749100516
mpasivos_margen_rank_tend6	0.00208851223797083	0.00110823090740871	0.00233701670166031
mcomisiones_mantenimiento_rank	0.00208030679739331	0.00322060149626007	0.0023657673464962
Master_fechaalta_lag1	0.00206880495367949	0.00284595545423157	0.00245530506898512
chomebanking_transacciones_tend6	0.00205184119830117	0.00415821637013316	0.00247748413785852
mcaja_ahorro_dolares_rank_tend6	0.0020346939676458	0.00171864040925672	0.00292599419729843
cproductos_delta1	0.00202046928649421	0.00998689329869774	0.00069576560502857
mplazo_fijo_dolares_rank	0.002008739563353	0.00383788648961548	0.00279291978405801
mcuentas_saldo_rank_lag1	0.00199560660401654	0.00267265032986095	0.00183182679954393
mprestamos_personales_rank_delta1	0.00198216115031834	0.00159079964966889	0.00241176837823363
mcuenta_debitos_automaticos_rank_tend6	0.00197213123500384	0.0017908434642757	0.00267956009870507
mcomisiones_mantenimiento_rank_tend6	0.00196633302660803	0.00160933371456102	0.00247337690288197
mtransferencias_emitidas_rank_tend6	0.00196483986118593	0.00111860005477983	0.00283399213382357
mttarjeta_visa_debitos_automaticos_rank_tend6	0.00194571573258535	0.00172485648062373	0.00281509885293142
mtarjeta_master_consumo_rank_tend6	0.00191827151456244	0.00137733105425764	0.00273870428236748
Master_Fvencimiento_lag1	0.00188906405291294	0.00177078946097503	0.0025637360723662
rf_015_024	0.00188756075493806	0.00573886004679741	0.000140467436198212
tcallcenter_tend6	0.00186201676939193	0.00371916202513676	0.00129131467662918
mplazo_fijo_dolares_rank_tend6	0.00184871392976547	0.0010948910340637	0.00275349032828308
minversion1_pesos_rank_tend6	0.00184712186817405	0.00121014582263846	0.00283399213382357
Visa_Fvencimiento	0.00184204795138971	0.0014176855886467	0.00241423271921956
cliente_antiguedad_lag1	0.0018378722260675	0.00259047871356119	0.00240355390828051
Master_mpagosdolares_rank_tend6	0.00183687255369808	0.00195911489606247	0.00277402650316586
Master_Fvencimiento	0.00183569906539381	0.00194333283345852	0.00242819731813985
matm_rank_tend6	0.0018267836994965	0.00170184747921247	0.00281017017095955
mcomisiones_otras_rank	0.00181931663098089	0.00173252057927296	0.00158374980695996
vm_mpagado_rank_tend6	0.00181771089638053	0.00114977670524229	0.00277977663213304
mpagomiscuentas_rank_tend6	0.00181383674113021	0.00255573281573117	0.00287752882457507
Visa_cconsumos_tend6	0.00179874759473451	0.00119373021754854	0.00190247124114069
ccallcenter_transacciones_tend6	0.00179744101521615	0.00401143411636092	0.00152378417630224
mcuenta_corriente_rank_delta1	0.00178211962221522	0.00112068967537384	0.00257441488330524
rf_015_021	0.00178199439561742	0.000522338499165367	0.000145396118170079
Visa_fechaalta_lag1	0.00177645524269171	0.00136914299061241	0.00182607667057675
mprestamos_prendarios_rank_tend6	0.00177503175169796	0.00150707313137418	0.00291367249236876
thomebanking_tend6	0.00177463768581583	0.00416421248143765	0.00193122188597659
mrentabilidad_rank_tend6	0.00176578231191536	0.00334671866029911	0.00261959446804735
cliente_antiguedad	0.00175961420485862	0.00327277800704501	0.0023657673464962
ctarjeta_visa_debitos_automaticos_tend6	0.00175532363606082	0.00310544216747714	0.00138495963409465
mextraccion_autoservicio_rank_tend6	0.00174864938900107	0.0010036023463252	0.00270256061457378
matm_other_rank_tend6	0.00174809413972485	0.00111827715915863	0.00263848774893951
ctarjeta_visa_transacciones_tend6	0.00173625495672903	0.00332500638815058	0.00143342500681801
mcheques_emitidos_rank_tend6	0.00173366279712326	0.00122253483594847	0.0027255611304425
Master_madelantopesos_rank_tend6	0.00172931269469397	0.00144974469587766	0.00261220144508955
cproductos_tend6	0.0017287628973865	0.00648695419672564	0.00105473794197956
mcheques_emitidos_rechazados_rank_tend6	0.00172416169503647	0.00123571987466124	0.00272638257743781
vm_Fvencimiento_lag1	0.00171311746030087	0.00159093447224839	0.00211111877794973
mcomisiones_otras_rank_tend6	0.00171301731684228	0.00416515278914024	0.00214808389273874
vm_mconsumosdolares_rank_tend6	0.00171062127039149	0.000892713089297286	0.00281017017095955
vm_mfinanciacion_limite_rank_tend6	0.0017084291848487	0.00134585364794498	0.00243394744710703
Visa_msaldodolares_rank_tend6	0.00170780754333768	0.00103882367417272	0.00272966836541905
Master_mconsumospesos_rank_tend6	0.0017061523984006	0.00128587571442471	0.00268941746264881
mcheques_emitidos_rechazados_rank_lag1	0.00170476893429498	0.000984536639399588	0.00266641694678009
mprestamos_hipotecarios_rank_tend6	0.00169552128333264	0.0012159451487576	0.00276827637419868
mtransferencias_recibidas_rank_tend6	0.00169387650989791	0.0012016936344005	0.002571129095324
vm_msaldopesos_rank	0.00169028692284608	0.000760210844054948	0.000910984717800099
Visa_mpagospesos_rank_tend6	0.00168757759203322	0.00155271050265321	0.00213576218780907
mpayroll2_rank_tend6	0.00168737142313223	0.00121653584934905	0.0027329541534003
mprestamos_hipotecarios_rank_lag1	0.00168534434846285	0.00158217295978132	0.00269598903861129
mforex_buy_rank_tend6	0.00168024223783251	0.00107860714623474	0.00270913219053627
mpagomiscuentas_rank	0.00167591421104497	0.00398311007475642	0.00232387354973533
mrentabilidad_rank	0.00167582520118811	0.00143063560075148	0.00203883144236235
ctrx_quarter_delta1	0.00167477220057558	0.00164595384464146	0.00182114798860489
mcaja_ahorro_adicional_rank_tend6	0.00166864972552623	0.000940603397922631	0.00263438051396296
mtarjeta_visa_descuentos_rank_tend6	0.00166840230897934	0.000885385888955589	0.00268038154570038
Master_mfinanciacion_limite_rank_tend6	0.00166519154157503	0.00111799575404334	0.00269927482659254
Master_msaldopesos_rank_tend6	0.0016595747329567	0.00113361766271941	0.00242655442414923
mcheques_depositados_rank_tend6	0.00165641584776318	0.00145797922428904	0.00284713528574855
Visa_mfinanciacion_limite_rank_tend6	0.00165604035729855	0.00184170697162857	0.00252266372260064
vm_msaldodolares_rank_tend6	0.0016495836318799	0.0011093748434986	0.0026228802560286
mautoservicio_rank_tend6	0.00164949891400388	0.00171657376226924	0.00276088335124088
mcheques_depositados_rechazados_rank_tend6	0.00164693778532535	0.00101386387140691	0.00262041591504267
mcheques_depositados_rechazados_rank	0.0016421955172622	0.00110537867233909	0.00261877302105204
mcomisiones_rank_tend6	0.00164212844460894	0.00243579121015351	0.00207661800414666
Master_msaldodolares_rank_tend6	0.00163586012335466	0.00190558969943531	0.00253909266250686
mcuenta_corriente_adicional_rank_tend6	0.00163025201097387	0.00087005280365574	0.00262616604400984
mcaja_ahorro_adicional_rank_lag1	0.00162737185709917	0.00153037935202287	0.00267956009870507
Visa_Fvencimiento_lag1	0.00162715932671719	0.00119495006142471	0.00218997768949961
mpagodeservicios_rank_tend6	0.00162430293271985	0.00175995842622555	0.00290463657542033
Master_mpagospesos_rank_tend6	0.00161807190320217	0.000786982312653398	0.00250952057067566
mpayroll_sobre_edad_rank_tend6	0.00161570786238361	0.00159604553901894	0.0025637360723662
minversion1_dolares_rank_tend6	0.00161513773566476	0.000978101786840968	0.00268695312166287
mcuenta_corriente_adicional_rank_lag1	0.00161250235740048	0.00145875865924002	0.00264752366588793
mforex_sell_rank	0.00161012086802164	0.00114600221932227	0.00276745492720337
mcomisiones_mantenimiento_rank_lag1	0.00160927594342129	0.00205536415763461	0.00223680016823234
mttarjeta_master_debitos_automaticos_rank_tend6	0.00160909882957052	0.00156601351471715	0.00263191617297702
vm_madelantodolares_rank_tend6	0.00160863476546279	0.00108471165615828	0.00275266888128777
mcaja_ahorro_adicional_rank	0.00160498688228328	0.000959590206755227	0.00278963399607677
mcaja_ahorro_dolares_rank_lag1	0.00160435398264966	0.00169254834409845	0.00236823168748213
vm_madelantopesos_rank	0.001602569657583	0.0011894592544521	0.00280277714800175
mtarjeta_master_descuentos_rank_tend6	0.00160173854882918	0.00081750592613022	0.00270009627358785
mcheques_depositados_rank_lag1	0.00160130856271972	0.00103972306642838	0.00263520196095827
Visa_mfinanciacion_limite_rank_delta1	0.00159591876086683	0.000942868526519471	0.00245448362198981
mplazo_fijo_dolares_rank_lag1	0.00159381906015364	0.00132267934582791	0.00251362780565221
minversion1_pesos_rank	0.00159312202516837	0.00116165089699419	0.00264834511288325
vm_madelantodolares_rank	0.00159191664989006	0.00162569115243441	0.00281017017095955
rf_017_020	0.00159057761949237	0.00109170540854637	9.85736394373417e-05
Master_mconsumototal_rank_tend6	0.00158943601406745	0.00117471963002683	0.0025933081641974
chomebanking_transacciones_delta1	0.00158778673802524	0.00307211948313405	0.00184825573945016
ccajas_consultas_tend6	0.00158688663622267	0.00484589850326479	0.00120341984813088
vm_status01	0.0015864781275957	0.00697594643412945	0.00025054133356991
ctrx_quarter_normalizado_tend6	0.00158303755860248	0.00224981060683851	0.00185564876240796
Master_mconsumosdolares_rank_tend6	0.00157614316412492	0.00139541154137378	0.00268777456865818
mplazo_fijo_dolares_rank_delta1	0.00156826233154129	0.00134735420686566	0.00237480326344462
mcaja_ahorro_rank_delta1	0.00156528116712936	0.00101271107940862	0.00229923013987599
vm_mpagosdolares_rank_tend6	0.00156459047867436	0.000821919302584792	0.00269927482659254
mcuenta_debitos_automaticos_rank_delta1	0.0015639624320473	0.000748633123963797	0.00228855132893695
mtarjeta_visa_consumo_rank_tend6	0.00156148626646339	0.000964559981532671	0.00220722807640114
mcajeros_propios_descuentos_rank_tend6	0.00156067720773214	0.00108522897922299	0.00260234408114582
minversion2_rank_tend6	0.00155959408090076	0.000855365883386632	0.00262945183199109
minversion1_dolares_rank_lag1	0.0015562761613492	0.000924218615994408	0.0025054133356991
mpagodeservicios_rank	0.00155622336857905	0.00117034593264236	0.002608094210113
mtarjeta_master_consumo_rank	0.00155543846504474	0.00195473981853643	0.00225240766114326
minversion1_dolares_rank	0.00155456857012804	0.000901732832002467	0.00278388386710959
mforex_buy_rank	0.00155381295673522	0.00103041757691256	0.00271323942551283
mcomisiones_mantenimiento_rank_delta1	0.00155093793537677	0.00127332913495227	0.00243312600011172
mforex_sell_rank_tend6	0.00154655059981421	0.00112250407273667	0.00248569860781163
mprestamos_hipotecarios_rank	0.00154497114572067	0.00123094159452646	0.00277402650316586
Visa_mpagado_rank_tend6	0.00154307692296807	0.00139791477314418	0.00225897923710575
mcomisiones_rank_lag1	0.00154271662832214	0.00136019012726741	0.00151064102437726
mcuenta_corriente_adicional_rank	0.0015395903588135	0.0014389482796792	0.00274609730532528
mtransferencias_emitidas_rank	0.00153949065861717	0.00193515906002911	0.00221297820536832
Master_msaldototal_rank_tend6	0.0015374894865531	0.00109676742278532	0.00244955494001794
vm_madelantopesos_rank_tend6	0.00153280675313535	0.00121344050809268	0.00267791720471445
mcomisiones_otras_rank_lag1	0.00152862356501792	0.0013445722727572	0.0013668878001978
chomebanking_transacciones_lag1	0.0015277905172862	0.000923327044540965	0.00149421208447104
cprestamos_personales_lag1	0.00152575117320463	0.00394194758249062	0.000538869228924134
vm_mlimitecompra_rank_tend6	0.00152024412346292	0.00103492601061769	0.00244298336405545
mpayroll_rank_lag1	0.00151912036640913	0.00179455127210617	0.00207004642818417
Master_madelantodolares_rank_tend6	0.00151651511621178	0.000973797412817381	0.00255880739039433
mplazo_fijo_pesos_rank	0.00151237873506575	0.00200205627579865	0.00249309163076943
minversion2_rank_lag1	0.001511236486774	0.000728059123574134	0.00250212754771786
ccomisiones_otras_tend6	0.00151091480139278	0.00123119625939886	0.00208811826208102
mtarjeta_master_descuentos_rank_lag1	0.00150891517685902	0.000680347025728859	0.00230087303386662
mautoservicio_rank_delta1	0.00150855529608773	0.00104050005737867	0.00232633789072126
matm_rank	0.00150819169734672	0.000911776639751697	0.00235755287654309
Visa_madelantopesos_rank_tend6	0.00150732547699912	0.000621361327737708	0.00204458157132953
mcuenta_debitos_automaticos_rank_lag1	0.00150342855803449	0.00119477918264672	0.00222037122832612
mcheques_depositados_rank	0.00149644694594885	0.00122369234343045	0.00267380996973789
Visa_mlimitecompra_rank_tend6	0.00149581327690167	0.000888137201172988	0.00251855648762408
vm_madelantopesos_rank_lag1	0.00149077331013495	0.000797492320723388	0.00255634304940839
mpayroll2_rank_lag1	0.00148843545849358	0.000996488492867681	0.00257605777729586
matm_other_rank_delta1	0.00148437530539881	0.000844899838576198	0.00234030248964155
minversion2_rank	0.00148412034196311	0.00102528230015866	0.00260973710410362
mpagodeservicios_rank_lag1	0.00148077606840733	0.000872940404853057	0.00259248671720209
mcaja_ahorro_rank_lag1	0.00148045932316602	0.00188729833818865	0.00165932293052858
mcheques_emitidos_rechazados_rank	0.00147850299410533	0.000902111508345406	0.00268859601565349
Master_mconsumosdolares_rank	0.00147781082980452	0.000705121573242006	0.00211029733095442
Master_mlimitecompra_rank_tend6	0.00147186968628255	0.000983285311043878	0.00246351953893823
mforex_sell_rank_lag1	0.00146496980054008	0.00106531224250251	0.00243805468208358
vm_fechaalta	0.00146451199732767	0.00120894357556729	0.00164042964963643
minversion1_pesos_rank_lag1	0.00146407168719556	0.000818376996730777	0.00250952057067566
Master_mlimitecompra_rank_delta1	0.00145744820629069	0.000704819408497288	0.00246434098593354
mactivos_margen_rank_delta1	0.00145553814829671	0.00132733206183287	0.00235426708856184
mcomisiones_rank	0.00145503309478617	0.00106390829349165	0.00156157073808655
vm_mlimitecompra_rank_delta1	0.00144774547345569	0.000907418123924484	0.00246269809194292
mpagomiscuentas_rank_delta1	0.00144769070695941	0.000819199503599882	0.00230169448086193
vm_mpagospesos_rank_tend6	0.00144627375664808	0.00244401843531576	0.00226062213109637
vm_mpagosdolares_rank_lag1	0.00144500399982274	0.00116884623631017	0.0023214092087494
mv_status07_rank_tend6	0.00144156152360113	0.000783691968894536	0.00226965804804479
mtarjeta_master_descuentos_rank	0.00144012735300867	0.0011946231978965	0.00251773504062877
mttarjeta_visa_debitos_automaticos_rank_delta1	0.00143965092690298	0.00322466877346331	0.00241176837823363
Master_mfinanciacion_limite_rank_delta1	0.00143767398684065	0.00102324009317813	0.00236987458147276
Master_mpagado_rank_tend6	0.00143615560735465	0.000888061925951589	0.00240437535527583
vm_madelantodolares_rank_lag1	0.00143375850217365	0.000812004653084043	0.0024610551979523
vm_mconsumosdolares_rank	0.00143350182346784	0.00120337953483269	0.00240108956729458
mcheques_depositados_rechazados_rank_lag1	0.00143337394402068	0.000789514929938041	0.00242244718917267
mcheques_emitidos_rank	0.001431581334155	0.00108351659732445	0.00254073555649748
mcheques_emitidos_rank_lag1	0.00143081668276231	0.00136614842844351	0.00256620041335213
mtarjeta_visa_descuentos_rank_lag1	0.0014234317785013	0.000866021295121484	0.00262863038499578
Visa_mpagosdolares_rank_tend6	0.00141990076272061	0.000763186544289073	0.00221790688734019
vm_mpagominimo_rank_tend6	0.00141982084688824	0.000950159038097797	0.00210783298996849
vm_mconsumospesos_rank_tend6	0.00141716995725796	0.00107044602410305	0.00225651489611981
vm_madelantodolares_rank_delta1	0.00141326406158884	0.000775380210061198	0.00239944667330396
Master_mpagominimo_rank_tend6	0.00141322369233864	0.00095968342381702	0.00244051902306952
mcajeros_propios_descuentos_rank	0.00141266087750916	0.000864411388734431	0.00260891565710831
vm_mpagado_rank_lag1	0.00141132990570604	0.00100793783103998	0.00235919577053371
Visa_madelantodolares_rank_tend6	0.00141109428586674	0.00152525037216488	0.00233865959565093
vm_fechaalta_lag1	0.00140932529552774	0.00132220932136488	0.00169464515132697
Visa_mconsumototal_rank_tend6	0.00140844739905109	0.000652281128103623	0.0021086544369638
vm_Fvencimiento	0.00140450760940264	0.0013003289882274	0.00209879707302007
mtransferencias_recibidas_rank_delta1	0.00140446879130858	0.000669297756093811	0.00227540817701197
mpasivos_margen_rank_lag1	0.00140207177353053	0.00102993032943288	0.00147203301559764
mcuenta_corriente_adicional_rank_delta1	0.00140065866543628	0.000979434256019743	0.00241341127222425
mpayroll_sobre_edad_rank_delta1	0.00140062925098686	0.00118245831382667	0.00220558518241052
mpagomiscuentas_rank_lag1	0.0013997502518148	0.00186094830156882	0.00222119267532143
mplazo_fijo_pesos_rank_tend6	0.00139735710587784	0.00137966970414597	0.00264095208992545
vm_mfinanciacion_limite_rank_delta1	0.0013953975436134	0.000636851260376262	0.00236248155851496
mcaja_ahorro_dolares_rank_delta1	0.00139274324941568	0.000811826787339364	0.00226801515405417
vm_mpagospesos_rank_delta1	0.00138923178564855	0.00121076544869696	0.00224912187316201
Visa_mpagominimo_rank_delta1	0.00138834158807468	0.00133014062117242	0.00214808389273874
mpayroll2_rank	0.00138797535113808	0.00121412459826361	0.0026672383937754
mplazo_fijo_pesos_rank_lag1	0.00138767690101534	0.00139902739727223	0.00254648568546466
mtransferencias_emitidas_rank_delta1	0.00138478975219928	0.000859251528208835	0.00234769551259935
mtarjeta_master_descuentos_rank_delta1	0.00138362920688227	0.000668364952911	0.00230005158687131
mforex_buy_rank_lag1	0.00138312513200732	0.000889555957952762	0.00251609214663815
matm_other_rank	0.00138110793069233	0.00089594184423864	0.0023509813005806
mautoservicio_rank	0.00138000302440658	0.00186130460811716	0.00192793609799534
mpayroll_rank_delta1	0.00137263936393359	0.00100238966193342	0.00223022859226985
Master_mpagosdolares_rank	0.00137216146191956	0.00236051348724874	0.00231319473879628
vm_mpagado_rank	0.00137158917718408	0.000873717137026796	0.00232223065574471
mtarjeta_master_consumo_rank_delta1	0.00136387914040797	0.000860724340533388	0.00231319473879628
Visa_mlimitecompra_rank_delta1	0.00136239967808963	0.00130849149050066	0.00230908750381973
Visa_mconsumosdolares_rank_tend6	0.00136154463350385	0.00102509209939871	0.00218587045452305
mpayroll_sobre_edad_rank_lag1	0.00135815954689056	0.00145192023028433	0.00209797562602476
ctransferencias_recibidas_tend6	0.0013576835753427	0.0013625591690232	0.00197558002372339
mrentabilidad_rank_delta1	0.00135743778658483	0.000820031987742411	0.00213576218780907
Visa_mpagominimo_rank_tend6	0.00135704280841638	0.00228874034632844	0.00209633273203413
vm_mpagominimo_rank	0.00135668463542715	0.00154840083808694	0.00132663689742756
mttarjeta_visa_debitos_automaticos_rank	0.00135506652236799	0.00103164458027312	0.00203225986639986
matm_other_rank_lag1	0.00135356221015949	0.000838581176685901	0.00237151747546338
vm_msaldodolares_rank	0.00134982378888827	0.00126105424209823	0.00235919577053371
mtarjeta_visa_descuentos_rank	0.00134752878038531	0.0012588550152613	0.00262370170302391
mextraccion_autoservicio_rank	0.00134359462774629	0.00133740591641417	0.0019542224018453
mcheques_depositados_rechazados_rank_delta1	0.00134173600407672	0.000733736105893789	0.00223269293325579
mcaja_ahorro_adicional_rank_delta1	0.00133743041176163	0.000901215710208409	0.0023805533924118
mttarjeta_master_debitos_automaticos_rank_lag1	0.0013364120493819	0.000822895551474071	0.00230498026884317
mttarjeta_visa_debitos_automaticos_rank_lag1	0.00133438101874462	0.000909905254043255	0.00193040043898127
vm_fultimo_cierre_tend6	0.00133091770070063	0.00157010965988155	0.00140878159695867
Master_mconsumospesos_rank_delta1	0.00132787826846832	0.000608681852133366	0.00217354874959338
minversion1_pesos_rank_delta1	0.00132708292349758	0.000621069830337199	0.00235673142954778
thomebanking	0.00132651384580161	0.00328508027270683	0.000568441320755337
vm_msaldodolares_rank_lag1	0.00132630983147505	0.000672401435705493	0.00222037122832612
vm_mpagado_rank_delta1	0.00132555559222884	0.000681410654831213	0.00233290946668375
matm_rank_delta1	0.00132477745370596	0.000690582471885506	0.00232962367870251
vm_msaldopesos_rank_tend6	0.00132370966180151	0.00101787502285302	0.00183839837550642
Master_fultimo_cierre_tend6	0.00132260132989268	0.00261325133697584	0.00154103456320377
matm_rank_lag1	0.00131873338115015	0.000957616546805948	0.00214890533973405
vm_mconsumototal_rank_tend6	0.00131842944623665	0.000995856560546867	0.00219244203048554
cproductos	0.00131463163073519	0.00277373877031459	0.00100545112226089
Master_mpagado_rank	0.00131361590270251	0.00124515144585996	0.00192547175700941
mtransferencias_emitidas_rank_lag1	0.00131038008285943	0.000953377729506879	0.0020133665855077
vm_mconsumosdolares_rank_delta1	0.00130944846261302	0.000877169503655245	0.0023435882776228
minversion1_dolares_rank_delta1	0.00130727347680407	0.000786855224617271	0.00226226502508699
mforex_sell_rank_delta1	0.0013068571549281	0.000695170752530974	0.00228690843494633
vm_mpagosdolares_rank_delta1	0.00130510776282032	0.000665019374736437	0.00219162058349023
Master_mpagospesos_rank_delta1	0.00130301502751435	0.000639574308444449	0.00230333737485255
vm_madelantopesos_rank_delta1	0.00130128981956136	0.000729212030584219	0.00243805468208358
Master_madelantopesos_rank_delta1	0.00130022721994474	0.000745087597779454	0.00232633789072126
rf_013_015	0.0012999496117362	0.000953484345443069	0.000144574671174768
Master_mconsumototal_rank_delta1	0.00129919167495858	0.000649554227140223	0.00230744460982911
rf_020_024	0.0012979178621755	0.000895457989606979	0.000133895860235722
rf_004_028	0.0012972711499207	0.000829668653728845	0.000158539270095058
vm_mpagominimo_rank_lag1	0.00129552371244091	0.000952148540922169	0.00118616946122934
Master_madelantopesos_rank	0.00129447479945161	0.000886897201479321	0.00209797562602476
vm_mpagosdolares_rank	0.00129336791350477	0.000968477283352108	0.00237398181644931
ccaja_seguridad	0.00129009684110378	0.00748138984402153	0.000380329958829077
mextraccion_autoservicio_rank_delta1	0.00128852382186749	0.00077243691440099	0.00234523117161342
mautoservicio_rank_lag1	0.00128662796996423	0.00110291946133414	0.00180964773067053
mpagodeservicios_rank_delta1	0.00128431675294641	0.000932937775367086	0.00240930403724769
cpagomiscuentas_tend6	0.00128261460078477	0.00298780508203693	0.0012559924558308
ctrx_quarter_normalizado_delta1	0.00128238410684107	0.00126355997537523	0.00134717307231034
mcajeros_propios_descuentos_rank_lag1	0.00128163705796795	0.000701588353319985	0.0023509813005806
Master_msaldopesos_rank_delta1	0.00127767187705854	0.000652039459564337	0.00202650973743268
Master_mconsumospesos_rank	0.00127593654612724	0.000649188259600897	0.00195997253081248
mplazo_fijo_pesos_rank_delta1	0.00127569356850325	0.00123461256982882	0.00237973194541649
mv_status07_rank	0.00127517833076201	0.000822357008732747	0.00186879191433294
mttarjeta_master_debitos_automaticos_rank_delta1	0.0012735128196871	0.000738753466802406	0.00223844306222297
mttarjeta_master_debitos_automaticos_rank	0.00127334495735218	0.000683133272779718	0.00231730197377284
Master_mpagospesos_rank	0.00127333923918344	0.000814878769148115	0.00198954462264368
minversion2_rank_delta1	0.00126937499324526	0.000669356412110485	0.00238630352137898
Master_madelantodolares_rank_delta1	0.00126860357963279	0.000762792398859384	0.00217847743156525
Visa_msaldopesos_rank_tend6	0.00126818851263572	0.000796804176386595	0.00172175290217223
Master_msaldototal_rank_delta1	0.00126609646538863	0.000910479881736014	0.00214479810475749
mprestamos_prendarios_rank_lag1	0.00126206930638816	0.000959514701510234	0.00242491153015861
Master_mpagosdolares_rank_delta1	0.00126108959527305	0.000784711663490283	0.00224583608518077
ccomisiones_otras	0.00125891233695821	0.00262111130071605	0.001087595821792
mcheques_emitidos_rechazados_rank_delta1	0.00125560788090052	0.000730512382718571	0.0022335143802511
vm_msaldototal_rank_tend6	0.00125132437009572	0.000925779642367567	0.00184004126949704
ctransferencias_emitidas_tend6	0.00125055506793251	0.00111871199001165	0.0013151366394932
mprestamos_prendarios_rank	0.00124531087814858	0.000813139733265531	0.00253991410950217
Master_mpagado_rank_delta1	0.00124155074530581	0.000838665509086344	0.00222365701630737
mpayroll2_rank_delta1	0.00123991721518558	0.000876554794351093	0.00230087303386662
Master_mconsumosdolares_rank_delta1	0.00123310316552007	0.000639635926014906	0.00222283556931205
Visa_mpagosdolares_rank_delta1	0.00123238891808555	0.00061992767693017	0.00197886581170463
Master_mpagominimo_rank_lag1	0.00122670074400871	0.000543812783152127	0.00147285446259295
vm_fechaalta_tend6	0.0012237482078866	0.000868551037111192	0.00081405397235338
Visa_mconsumospesos_rank_tend6	0.0012226628368664	0.000797664838419487	0.00198215159968588
Visa_fultimo_cierre_tend6	0.00122237900580842	0.000733088445709681	0.00137674516414154
mforex_buy_rank_delta1	0.0012212944467819	0.000938567919132249	0.00240191101428989
vm_mconsumosdolares_rank_lag1	0.00121917325057623	0.00144640653596403	0.00217765598456994
mprestamos_hipotecarios_rank_delta1	0.00121825289882005	0.000662609705063215	0.002410125484243
Master_mpagominimo_rank_delta1	0.00121394303712307	0.000712205667396949	0.00212919061184658
Master_mconsumospesos_rank_lag1	0.00121291038056397	0.000668098384317577	0.00195175806085937
mcheques_emitidos_rank_delta1	0.00120887037141598	0.000774450713467563	0.0022926585639135
vm_msaldototal_rank_delta1	0.00120756710502212	0.000700932498545313	0.00182361232959082
Visa_madelantodolares_rank_delta1	0.0012033959579928	0.000597913498813467	0.00193368622696252
Master_mconsumototal_rank	0.00120319929647322	0.000609728344477907	0.00198215159968588
Master_mpagospesos_rank_lag1	0.00120300587009144	0.000625341483504425	0.00185236297442671
Visa_mpagado_rank_delta1	0.00120248192187891	0.000866156290218682	0.00208893970907633
Visa_msaldodolares_rank	0.00120131676548608	0.000525362303083755	0.00178253997982526
Master_madelantodolares_rank_lag1	0.00120129453479885	0.000616383875922789	0.00192218596902816
Visa_madelantopesos_rank_delta1	0.0012012439378138	0.000569123055617562	0.00186386323236107
mv_status07_rank_lag1	0.0012011818035227	0.000665941769351584	0.00186222033837045
mcomisiones_otras_rank_delta1	0.00119698379528834	0.00230817308465251	0.00165028701358016
vm_msaldopesos_rank_delta1	0.00119371314474039	0.000914542615973264	0.00197475857672808
vm_msaldodolares_rank_delta1	0.00119341112165008	0.0008243495306168	0.00231319473879628
Visa_mpagado_rank	0.00119336459777905	0.000743329929985691	0.00189343532419227
mrentabilidad_rank_lag1	0.00119158216249731	0.00133950974096515	0.00183593403452049
mpasivos_margen_rank_delta1	0.00118364026920581	0.00101854482280813	0.00192711465100003
mtarjeta_visa_consumo_rank_delta1	0.00118349102453055	0.000838544832957922	0.00201583092649364
vmr_mpagospesos_tend6	0.00118284654558316	0.000981560364106476	0.00124859943287299
Master_madelantodolares_rank	0.0011782075631731	0.000860333731716469	0.00195997253081248
mextraccion_autoservicio_rank_lag1	0.00117778508672318	0.00101234859097617	0.00201993816147019
mtarjeta_visa_descuentos_rank_delta1	0.0011776492840388	0.000896620960149337	0.00230826605682442
Master_mpagosdolares_rank_lag1	0.00117635275738884	0.000835757263271394	0.00191972162804223
vm_cconsumos_tend6	0.00117470026456463	0.00130411166873798	0.00110648910268416
mcomisiones_rank_delta1	0.00117129311712551	0.00140080182803546	0.00166918029447232
rf_008_014	0.00116962467824337	0.00251874505044034	0.000186468467935638
mtransferencias_recibidas_rank_lag1	0.00116849790650687	0.00138553021654132	0.00190904281710318
Master_mpagado_rank_lag1	0.00116676318782012	0.0011087268382791	0.00185564876240796
Master_msaldodolares_rank	0.00116664008051128	0.000862599550384093	0.00184825573945016
ccajas_transacciones_tend6	0.00115956309477476	0.0012167900254213	0.00101941572118118
Master_mconsumosdolares_rank_lag1	0.00115924378393465	0.00079666863498336	0.00195257950785468
Visa_status	0.00115731405257885	0.000731564625652981	5.0108266713982e-05
mprestamos_prendarios_rank_delta1	0.00115540006479878	0.000797658915311921	0.00224747897917139
Visa_msaldototal_rank_tend6	0.00115207675761165	0.00078503027492203	0.00165685858954265
Visa_fechaalta_tend6	0.00114642715334121	0.000636740417756518	0.000805839502400268
mcajeros_propios_descuentos_rank_delta1	0.00114416889323681	0.000665197729281255	0.00217601309057932
Visa_msaldodolares_rank_delta1	0.00114195203224093	0.000544327834733832	0.00201418803250301
mv_status07_rank_delta1	0.00114034798742042	0.000973623745003307	0.00206922498118886
Visa_mconsumototal_rank_delta1	0.00113837114126254	0.000616415360402327	0.00185647020940327
mtarjeta_master_consumo_rank_lag1	0.00113792864180972	0.00078690657738481	0.00190082834715007
Visa_mpagospesos_rank_delta1	0.0011220938310317	0.00115013281051999	0.00213576218780907
Master_mconsumototal_rank_lag1	0.00111839868117137	0.000542592795511208	0.00197147278874683
vm_mpagominimo_rank_delta1	0.00111672472355706	0.000784584575454156	0.00204786735931077
Master_Fvencimiento_tend6	0.00109651452351323	0.000773216234340172	0.000979986265406238
vm_mconsumospesos_rank_delta1	0.00109514420362288	0.000691675544007994	0.00196079397780779
cdescubierto_preacordado	0.00109445984557335	0.00208697940558645	0.000432081119533681
vm_msaldototal_rank	0.00108343496958609	0.000787780494527353	0.000881412625968897
Visa_madelantodolares_rank_lag1	0.00108106785666339	0.00179738915945406	0.00154678469217095
Visa_msaldodolares_rank_lag1	0.00107845365914331	0.000615910602376489	0.00178253997982526
Master_msaldodolares_rank_delta1	0.00107614196242123	0.000740057528067224	0.00211686890691691
Visa_mconsumosdolares_rank_delta1	0.00107502513090414	0.000689797660132999	0.00198543738766712
Master_mlimitecompra_rank_lag1	0.00107325389987125	0.000724826141949225	0.00121081287108868
Visa_mpagado_rank_lag1	0.00107144655815898	0.000619069257627328	0.00173243171311128
mcheques_depositados_rank_delta1	0.00107039800090982	0.000612012478774267	0.00226062213109637
Master_madelantopesos_rank_lag1	0.00106675375534753	0.000658873834354175	0.00182279088259551
Master_msaldopesos_rank	0.00106305702566822	0.000809089937855489	0.00153857022221784
ctarjeta_visa_transacciones	0.00106243452390239	0.00150826994413792	0.000743409530756618
Master_msaldototal_rank	0.00105728578125112	0.000733917795780731	0.0014769616975695
Master_fechaalta_tend6	0.00105218395657923	0.000825483949480453	0.000861697898081428
Visa_Fvencimiento_tend6	0.00104817845467879	0.00157541452153072	0.000953699961556281
Master_mpagominimo_rank	0.00104355062772119	0.000584158921679981	0.00151556970634913
Master_msaldodolares_rank_lag1	0.00103870973068698	0.000686352798024331	0.00171107409123319
Visa_mconsumospesos_rank_delta1	0.00103665727825389	0.000516684519205193	0.00180307615470804
vm_fultimo_cierre	0.00103473364308944	0.000831164497165827	0.00148106893254606
Visa_msaldototal_rank_delta1	0.00103245507719825	0.000501942652049877	0.00176939682790028
vm_mconsumototal_rank_delta1	0.00102550664205567	0.00062306108709148	0.00192957899198596
vmr_msaldopesos2_tend6	0.00102536875360958	0.00116906484498407	0.00143753224179457
Visa_fultimo_cierre	0.00102515523303467	0.00058360249460416	0.00146710433362577
vm_Fvencimiento_tend6	0.00102097580948948	0.00119321901886205	0.00109663173874043
vmr_Master_mlimitecompra_lag1	0.00101044927216326	0.0011854274871413	0.001285564547662
vm_status02	0.00100984259175672	0.0013367275193272	9.20020634748522e-05
vm_fultimo_cierre_lag1	0.00100218041497582	0.000590834867718901	0.00133320847339005
Master_mfinanciacion_limite_rank	0.000998130747210396	0.00073642401785787	0.00130856506353071
Visa_madelantopesos_rank	0.000997237271961597	0.000421478903435602	0.00145067539371955
vmr_Master_mlimitecompra	0.000993657178543885	0.00104103845635524	0.00129788625259167
ccomisiones_otras_lag1	0.00099351326379949	0.00250127286072065	0.00111716791362321
Master_msaldopesos_rank_lag1	0.000992210483585983	0.000955221656148692	0.0014252105368649
ccomisiones_mantenimiento_delta1	0.000984329523988717	0.00504052313449582	0.000360615230941608
cmobile_app_trx_tend6	0.000983244946504828	0.00091787744054477	0.00144574671174768
Visa_madelantodolares_rank	0.000974356976564639	0.00112591474758856	0.00146463999263983
ctarjeta_visa_transacciones_delta1	0.000968774826046962	0.00506853744932992	0.000958628643528148
ccuenta_debitos_automaticos_tend6	0.000964576431586919	0.00278912821139517	0.00098080771240155
Visa_mpagosdolares_rank_lag1	0.000963259423785552	0.000557111050979429	0.00145560407569141
ctarjeta_debito_transacciones_tend6	0.000954596531687955	0.000853575782266002	0.0013521017542822
Master_mfinanciacion_limite_rank_lag1	0.000952564999591417	0.00082843702114344	0.00121081287108868
rf_007_015	0.000945519441090225	0.000121051325657821	0.00016018216408568
vmr_mpagominimo	0.000935743096081918	0.000747307756763511	0.000870733815029851
Master_fultimo_cierre_lag1	0.00093273365754769	0.00069931551893272	0.00136278056522125
cpayroll_trx_tend6	0.000932477897563273	0.00171573285351255	0.000760659917658153
ccallcenter_transacciones	0.000930950880738059	0.00172574175518127	0.000469867681317995
vmr_mpagominimo_tend6	0.000924103737724917	0.000930264814936666	0.00110895344367009
vmr_mpagado_tend6	0.00092255711894691	0.000953297422519345	0.00119191959019652
Visa_madelantopesos_rank_lag1	0.000914778660275102	0.000544999618642445	0.00139317410404776
Master_fultimo_cierre	0.000913754019089679	0.000726215656979511	0.00148599761451793
Visa_msaldopesos_rank_delta1	0.000907552694730966	0.000386289002561725	0.00164700122559892
Visa_mconsumosdolares_rank	0.000906365132130008	0.000797195590286096	0.00143178211282739
rf_010_028	0.000906013001411513	0.000477276158120387	8.87162754936075e-05
Master_msaldototal_rank_lag1	0.000898367511476368	0.000428650205285923	0.00140138857400087
vm_mlimitecompra_rank_lag1	0.000895348927964508	0.000659734093845777	0.00108677437479669
vmr_mconsumospesos_tend6	0.000894410511685844	0.000636177550020043	0.00108184569282482
Visa_mpagominimo_rank	0.00088972172963065	0.000586833463522615	0.00109088160977325
Visa_fultimo_cierre_lag1	0.000876052426136416	0.000874398265643947	0.00139399555104307
rf_004_016	0.00086647586687125	0.00303484979517484	0.000275184743429246
vm_mlimitecompra_rank	0.00086347412577809	0.000556339781866066	0.00112209659559507
Visa_mfinanciacion_limite_rank_lag1	0.000858187091415962	0.000609064180100873	0.00119109814320121
Visa_mfinanciacion_limite_rank	0.000854761455792322	0.000525052518807459	0.00118370512024341
Visa_mpagosdolares_rank	0.000854156330267382	0.000639589374989909	0.00146381854564452
Visa_msaldopesos_rank	0.000853730566450844	0.000412852299806882	0.000736837954794129
vmr_Master_mlimitecompra_tend6	0.000851676616344633	0.00230200523198155	0.00113688264151067
Visa_mlimitecompra_rank_lag1	0.000849716377981095	0.000498998695071834	0.00112373948958569
vmr_msaldopesos_tend6	0.000849671331036209	0.000511914347402137	0.000878948284982963
Master_mlimitecompra_rank	0.00084730013568289	0.000619676174882206	0.00125845679681673
Visa_msaldototal_rank	0.000842929996120486	0.000444773019092618	0.000743409530756618
Visa_cconsumos	0.000836773512176664	0.000573649028621789	0.000860055004090806
vm_mfinanciacion_limite_rank	0.000834947776598468	0.000440029990073749	0.00102598729714366
tcallcenter	0.000819527289396268	0.00188169016167678	0.000259577250518333
vmr_Visa_mlimitecompra	0.000814230029823302	0.000788009396757128	0.00123217049296677
vmr_Visa_mlimitecompra_lag1	0.000810168904613979	0.000685868684616126	0.00112784672456225
vm_mconsumospesos_rank	0.000809373413480663	0.000707760317662699	0.00122642036399959
rf_011_022	0.00080562281865137	0.000270373269940249	0.000122395602301366
ccallcenter_transacciones_delta1	0.000802932206955131	0.00159969978010478	0.000616085246483385
Visa_mconsumosdolares_rank_lag1	0.00080113463581967	0.0006111042881161	0.00131595808648851
Visa_mlimitecompra_rank	0.000799356778715555	0.000618169721606914	0.00121163431808399
Visa_mconsumospesos_rank	0.000794550179835804	0.00060783329509215	0.00121327721207461
Visa_cconsumos_lag1	0.000780108913928857	0.00101607902737778	0.000929056551696945
ccaja_ahorro	0.000779155568449545	0.00260313786083034	0.00054297646390069
Visa_cconsumos_delta1	0.000771085095012372	0.00101790719740335	0.000840340276203338
catm_trx_tend6	0.000763468446275461	0.00119891308043361	0.000961914431509392
Visa_mconsumospesos_rank_lag1	0.000762797887437776	0.000908147643755391	0.0011607046043747
vmr_Visa_mlimitecompra_tend6	0.000741260426015833	0.00355062937280514	0.00112045370160445
vmr_mpagominimo_lag1	0.000735667597452539	0.000444860686835186	0.00080008937343309
ccomisiones_mantenimiento_lag1	0.000734257520101348	0.00415345327155565	0.000531476205966334
rf_003_015	0.000733693775887857	5.71294363340673e-05	0.000138003095212278
cproductos_lag1	0.000733601231277312	0.000954906868859208	0.000753266894700353
cextraccion_autoservicio_tend6	0.000731484709554655	0.00120551596522824	0.00101202269822337
ccajas_transacciones	0.000727399348381738	0.000151761373258228	0.000150324800141946
Master_cconsumos_tend6	0.000724950759933404	0.00136648092754979	0.00089044854291732
vmr_msaldopesos2	0.000724605498814894	0.000923887842065087	0.000966021666485948
vm_status05_delta1	0.000719150276558477	0.000494963506160061	0.000102680874413898
ctransferencias_recibidas	0.000704158353855059	0.00161251019664046	0.000804196608409646
cplazo_fijo_tend6	0.00070408158208676	0.00471818143886507	0.000610335117516207
Visa_mpagominimo_rank_lag1	0.00069347967265059	0.000746677865902101	0.00108841726878731
vm_mfinanciacion_limite_rank_lag1	0.000689268759717083	0.000608776046795437	0.00104652347202644
vm_mconsumospesos_rank_lag1	0.000686705429351713	0.000709138245254397	0.00114016842949192
cprestamos_personales_tend6	0.000685976566786937	0.00215891767469487	0.000664550619206745
active_quarter_tend6	0.000681650090028318	0.00155101893789	0.000860055004090806
vm_mconsumototal_rank	0.000680242039937074	0.000531834850758974	0.000966021666485948
vmr_msaldopesos	0.000679754709747366	0.000561602117903145	0.000625121163431808
vmr_msaldototal_tend6	0.000670573027830548	0.000628080230682958	0.000825554230287736
rf_013_024	0.00066550026967052	0.00085070965952185	0.000145396118170079
vmr_mconsumospesos	0.000645675456212679	0.000587014865880064	0.000685908241084836
mtarjeta_visa_consumo_rank_lag1	0.000634101291234248	0.000278087599991994	0.000811589631367446
ccajas_consultas_delta1	0.00063262361640969	0.00427748906709715	0.000455903082397705
ccomisiones_mantenimiento	0.000629939053893984	0.0015333903608788	0.000377044170847832
vm_msaldototal_rank_lag1	0.000629277742631783	0.000381220260132619	0.000740123742775374
vm_mpagospesos_rank	0.000627220209780367	0.000498355606606673	0.000907698929818855
vmr_mpagospesos_lag1	0.00062342512373967	0.000586832083381046	0.00077216017559251
vmr_msaldototal	0.000621976354944686	0.000429185642708718	0.000556119615825669
Visa_mpagospesos_rank_lag1	0.000618622369446688	0.000525368456214916	0.000929056551696945
ctarjeta_visa_transacciones_lag1	0.000609384299406146	0.000451461501417455	0.000616906693478697
vmr_msaldopesos2_delta1	0.000600182813579858	0.000748516128212892	0.000969307454467193
vmr_msaldopesos2_lag1	0.00059849035611623	0.00057754715222401	0.000909341823809477
vm_cconsumos_delta1	0.000593223913958437	0.000670651531208055	0.000569262767750648
ccajas_extracciones_tend6	0.000591991103821465	0.0011419273513404	0.000757374129676908
Master_status	0.00057807290795992	0.00416721641706804	0.000149503353146635
rf_001_015	0.000576901029192424	7.1786424782902e-05	0.000130610072254478
vmr_mpagospesos_delta1	0.000573585827274676	0.000479748566729091	0.000861697898081428
Visa_msaldototal_rank_lag1	0.000567076423387594	0.00059337470199383	0.000663729172211434
cprestamos_personales_delta1	0.000564560782626626	0.000906175306441782	0.000201254513851239
Visa_delinquency_tend6	0.000561474109602278	0.000709803530996457	0.000480546492257041
rf_003_029	0.000560195764128621	0.00086365814772031	0.000133895860235722
ctransferencias_emitidas_delta1	0.000557336855581354	0.000506759777419221	0.000579941578689693
vm_mpagospesos_rank_lag1	0.000554721180289232	0.000844036272495422	0.000958628643528148
vm_mconsumototal_rank_lag1	0.000553996139403605	0.000519565766000703	0.000917556293762589
vmr_mpagospesos	0.000553945168756308	0.000348833455537921	0.000584048813666249
Visa_mconsumototal_rank	0.000551285391467436	0.000485478454475549	0.000844447511179894
ctarjeta_debito_transacciones_delta1	0.000543875057278351	0.00192040183879884	0.000762302811648776
vm_msaldopesos_rank_lag1	0.000542327783906199	0.000599163533286456	0.000736837954794129
rf_014_013	0.000536291668976391	3.25570220548506e-05	9.85736394373417e-05
rf_009_008	0.000532386410104346	5.70183636907284e-05	1.23217049296677e-05
ccajas_consultas	0.000530583621892136	0.00441993669874309	0.000380329958829077
catm_trx_other_tend6	0.000520253263794707	0.00101078934728587	0.000702337180991059
cplazo_fijo	0.000519889485783893	0.00825948686276091	0.000363901018922853
ctransferencias_recibidas_lag1	0.000511107521172101	0.00057537624704219	0.000638264315356787
ctarjeta_debito_lag1	0.00051088073376579	0.00109059103048841	0.000571727108736582
Visa_mpagospesos_rank	0.000505827217350582	0.000589750392728269	0.000853483428128317
ccajas_otras_tend6	0.000504309112599742	0.00309574905945113	0.000513404372069488
vm_Finiciomora_tend6	0.000501031862097901	0.00151068343795341	0.000402509027702478
ctransferencias_emitidas	0.000500646689821045	0.000904992122576031	0.000529833311975712
vmr_mpagominimo_delta1	0.000493900512545748	0.00056094151889183	0.00083459014723616
rf_006_019	0.000492893836023861	0.000153113595713207	0.000170039528029414
cmobile_app_trx	0.000491753752142791	0.000991870222896041	0.000534761993947579
Visa_mconsumototal_rank_lag1	0.000486008290002508	0.000544452191239771	0.000887984201931386
cliente_edad_tend6	0.000482767675074407	0.000615124813023704	0.000743409530756618
ctransferencias_recibidas_delta1	0.00048272419416213	0.00059555889103825	0.000658800490239567
internet_lag1	0.000480580457184132	0.00194021126951234	0.00042468809657588
vmr_mconsumospesos_lag1	0.000478331122743172	0.000355126987350486	0.000615263799488074
vmr_msaldopesos_lag1	0.00047546084275033	0.000437026543243501	0.000583227366670938
ctarjeta_debito_tend6	0.000471798425261914	0.00656657137225221	0.000691658370052014
ctarjeta_master_transacciones_tend6	0.000471137410935299	0.000768861715172919	0.000590620389628739
vmr_msaldototal_lag1	0.000461236688190744	0.000302389075229486	0.000471510575308618
vmr_mconsumospesos_delta1	0.000459847625090325	0.000507152513954392	0.000690836923056703
vm_status04_tend6	0.000459165377179212	0.000311563336284474	0.000173325316010659
cpayroll_trx_lag1	0.000450814069673232	0.000749658109102224	0.000211111877794973
ctarjeta_debito_transacciones_lag1	0.000440878652862708	0.000529442145325868	0.000552012380849113
internet	0.000440119510967644	0.00038656526089908	0.000349936420002563
vm_cconsumos_lag1	0.000432412400383154	0.00108328838516546	0.000469046234322684
thomebanking_delta1	0.000430363232704742	0.00494119992386162	0.000446867165449282
ctarjeta_debito	0.000427906467175559	0.00116936669344635	0.000612799458502141
vmr_mconsumosdolares_tend6	0.00042575543427281	0.000742040072677852	0.00070973020394886
ctarjeta_visa_debitos_automaticos_lag1	0.000418719710156102	0.000511941978986462	0.000460831764369572
cdescubierto_preacordado_lag1	0.000416046606416634	0.00017230400418015	0.000231648052677753
ctarjeta_debito_transacciones	0.00041459525500917	0.00133566575916656	0.000589798942633428
vmr_msaldopesos_delta1	0.00041357403278513	0.000273634947008609	0.000604584988549029
ctransferencias_emitidas_lag1	0.000411172833233259	0.00066523068016121	0.000512582925074177
ctarjeta_visa_descuentos_tend6	0.000409497320332954	0.00117592748392312	0.000418116520613391
ctarjeta_visa_debitos_automaticos	0.000408197597349068	0.000838522146880885	0.000442759930472726
Visa_msaldopesos_rank_lag1	0.000405669006776997	0.000558543465410145	0.000672765089159857
vm_cconsumos	0.000402059995176521	0.000336050986869007	0.000450974400425838
cmobile_app_trx_lag1	0.000401613266347116	0.00177239999992697	0.000524083183008533
rf_019_023	0.000400793518118385	0.000357935891725433	4.92868197186708e-05
ccaja_ahorro_lag1	0.000396622187021272	0.000469918249628785	0.000322007222161983
rf_018_013	0.000394722116486095	0.00056016878337805	0.000144574671174768
ctarjeta_visa_debitos_automaticos_delta1	0.000392393758826576	0.000437612528351253	0.000342543397044762
tcuentas_lag1	0.000384926307687679	0.0023930969045111	0.000224255029719952
vm_status01_tend6	0.00038449754007375	0.00221691760657051	0.000319542881176049
vm_status01_lag1	0.000377225415115581	0.000269699732101726	3.03935388265137e-05
ccaja_seguridad_lag1	0.000375152616978288	0.000804027434816392	0.000127324284273233
cforex_tend6	0.000375025336329215	0.000596624504094109	0.000468224787327373
ctarjeta_master_debitos_automaticos_tend6	0.000363346976783244	0.00114399710364641	0.000371294041880654
vmr_mpagado	0.000353383543124531	0.000283064649265622	0.000456724529393016
vmr_msaldototal_delta1	0.000351987990441351	0.000354678786376019	0.000608692223525585
cpagomiscuentas_lag1	0.000349246379698694	0.000532394814447564	0.000415652179627457
rf_008_013	0.000345224688774198	6.36790419135437e-05	0.000147860459156013
vmr_mpagosdolares_tend6	0.000336224610298961	0.000539694268193138	0.000413187838641524
cforex_sell_tend6	0.000335465817177596	0.000603413391718076	0.00042468809657588
vmr_mpagado_delta1	0.000329434515624124	0.000528197257630812	0.000566798426764715
vmr_mpagado_lag1	0.000328804853294807	0.000370247847131184	0.00043865269549617
tcallcenter_delta1	0.00032819746015182	0.000956050603678451	0.000165110846057547
ccaja_ahorro_tend6	0.000327957171578886	0.00280558662962668	0.000286685001363602
ccomisiones_otras_delta1	0.000325135465659807	0.000387603961194347	0.000506011349111687
ccajas_depositos_tend6	0.000323913600106411	0.00358178960533352	0.000527368970989778
rf_018_019	0.00032062633261357	6.37617353958742e-05	5.0108266713982e-05
rf_007_013	0.000311285643899744	0.00290224185409069	0.000210290430799662
Master_fultimo_cierre_delta1	0.000301363138114045	0.000147876188483214	0.000478082151271107
vmr_mconsumototal_tend6	0.000298255053907648	0.00038201111000449	0.000504368455121065
vmr_mconsumosdolares_lag1	0.000295773314147155	0.0005782088438474	0.00038279429981501
vmr_msaldodolares_tend6	0.000295693653932254	0.00048048950148089	0.000395937451739989
cpagomiscuentas_delta1	0.000288945784720346	0.0011021822932187	0.000371294041880654
vm_fultimo_cierre_delta1	0.00028432118808107	0.000150999362594555	0.000440295589486793
Visa_fultimo_cierre_delta1	0.000282769256749242	0.000174618932885264	0.000461653211364884
ccuenta_debitos_automaticos	0.000279530121439314	0.000514841857693152	0.000322007222161983
rf_005_015	0.000275754391499857	0.000126479163671358	0.000203718854837173
vm_status05_tend6	0.000275249358787074	0.000440954598665995	0.000169218081034103
vmr_mconsumototal_delta1	0.000273626618367087	0.000224087835935821	0.000372115488875965
vmr_msaldodolares2_tend6	0.000272205227831788	0.000387044141270503	0.000397580345730611
ccajeros_propios_descuentos_tend6	0.000270660598605822	0.00030365656274273	0.000234112393663686
rf_015_014	0.000270629330496989	8.41432922955378e-05	0.000199611619860617
ccajas_otras_delta1	0.00026819749569886	0.00142034676036789	0.000156896376104435
ctarjeta_master	0.000266473384252358	7.96457272052688e-05	6.73586536155168e-05
vmr_mconsumototal_lag1	0.000266382301910286	0.000141672883425708	0.00029900670629327
catm_trx_delta1	0.000265734889351593	0.000299815139956627	0.000299828153288581
cpagomiscuentas	0.000265479117635958	0.000758700825413936	0.000369651147890031
vmr_mconsumosdolares	0.000255308165642361	0.000446804759999585	0.000362258124932231
vmr_Master_mlimitecompra_delta1	0.000247422606315628	0.000372700272440089	0.000289970789344847
thomebanking_lag1	0.000243660966297554	0.00107540987577293	0.000283399213382357
vmr_mconsumototal	0.00024363004785325	0.000454749717458065	0.000341721950049451
rf_007_022	0.000240876536080138	0.00187354586002046	0.00010432376840452
ccuenta_debitos_automaticos_lag1	0.000240478293700797	0.000596514006509757	0.000311328411222937
rf_011_021	0.000240380958746566	0.000140545135246305	1.47860459156013e-05
cextraccion_autoservicio_delta1	0.000236916870974489	0.000318426924070852	0.000340079056058829
ccaja_ahorro_delta1	0.000236785954972391	0.0026710514358535	0.000176611103991904
vm_status04	0.000233131004952147	0.000188834189773235	6.73586536155168e-05
vm_status02_lag1	0.000231693755429759	2.39862279008192e-05	2.13576218780907e-05
Visa_status_tend6	0.000227570176500288	0.000237443782179519	0.00014621756516539
rf_018_015	0.000223238059460013	0.000105364665339815	0.000149503353146635
rf_004_019	0.000223170457540309	0.000150587160312674	5.83227366670938e-05
rf_001_021	0.00022205591984261	5.73597474583604e-05	0.000105145215399831
vm_status06_tend6	0.000219543374347369	0.000466794040411267	0.000181539785963771
cmobile_app_trx_delta1	0.000219486168037129	0.000497475105038729	0.000414009285636835
rf_002_023	0.000218593409529603	5.38394663635469e-05	0.000150324800141946
ctarjeta_master_transacciones	0.000216629370950845	0.000304593305079602	0.000205361748827795
rf_015_004	0.000214193373248482	0.00183857468283229	9.85736394373417e-05
vm_status04_delta1	0.000214171443882618	0.000419546273945045	8.70733815029851e-05
ctarjeta_master_transacciones_delta1	0.000213341562993665	0.000680830305301533	0.000262041591504267
rf_017_015	0.000211998129023019	0.000121756693011274	0.000187289914930949
Visa_Finiciomora_tend6	0.000211541807966474	0.00106369089244162	0.000288327895354224
Master_cconsumos_lag1	0.000204955350259794	0.000151632272515646	0.00027107750845269
Master_cconsumos_delta1	0.000203891944350027	0.000167770411644345	0.000229183711691819
catm_trx_lag1	0.000203718625373406	0.000260391396043919	0.000241505416621487
cextraccion_autoservicio	0.0002015265805568	0.00042135469069441	0.000288327895354224
vm_status06_delta1	0.000199151038844879	0.0038370762890087	0.000129788625259167
ccajas_transacciones_delta1	0.000197924901743082	0.000173715975263878	0.000142110330188834
rf_013_018	0.000197259756437556	0.000121274621062472	0.000111716791362321
rf_010_021	0.000196357121860162	0.000108588417267982	0.000154432035118502
rf_020_020	0.000194664905981481	0.000122575433244014	2.87506448358913e-05
cextraccion_autoservicio_lag1	0.000194168680527912	0.000981227146176459	0.000290792236340158
cforex_buy_tend6	0.000193989098727796	0.00121174713189366	0.000170860975024726
rf_019_021	0.000192106976819258	6.32195410299821e-05	0.000136360201221656
Master_cconsumos	0.000191490094273598	0.000175653090214534	0.000259577250518333
ccallcenter_transacciones_lag1	0.00018873406941574	0.000476082393169276	0.000230826605682442
ccajas_otras	0.000188563522153754	0.000517563238090276	0.000105145215399831
vmr_mconsumosdolares_delta1	0.000188178548084664	0.000411136410048525	0.000321185775166672
vm_status02_tend6	0.000187755294971465	0.000181873445771004	0.000197147278874683
vmr_Visa_mlimitecompra_delta1	0.000187362792345912	0.000861180362310078	0.000254648568546466
rf_020_017	0.000187229719999446	7.82612151881699e-05	0.000219326347748085
vmr_msaldodolares	0.000186621917310948	0.00209057116651335	0.00027107750845269
ccuenta_debitos_automaticos_delta1	0.000184157252092937	0.00170762561440794	0.000209468983804351
cpagodeservicios_tend6	0.000184007713367516	0.000570708723268313	0.000136360201221656
catm_trx	0.000183090106806182	0.000372754903043854	0.000253005674555844
ccheques_depositados_tend6	0.000182229691180453	0.00147361895979371	0.000273541849438623
Master_delinquency_tend6	0.000180526387622733	0.0018512003616684	0.000198790172865306
rf_013_027	0.000176750540666087	0.000213025742485362	5.66798426764715e-05
rf_004_015	0.000176582284863577	6.30329918945997e-05	0.000169218081034103
tcuentas_tend6	0.000175493590876768	0.00237205995288395	0.000256291462537088
rf_002_021	0.000161371220718214	0.000953924323074022	0.000137181648216967
rf_019_016	0.000157494062856324	5.57427678457671e-05	4.35366907514926e-05
rf_009_021	0.000156795774078335	0.000216944711975862	0.000115002579343565
cseguro_vivienda_lag1	0.000153863561784281	0.000362980941724274	0.000195504384884061
rf_020_013	0.000153365506866328	0.000130044529390752	0.000182361232959082
ctarjeta_master_transacciones_lag1	0.000153236475046297	0.000223246409626044	0.000201254513851239
vmr_msaldodolares_lag1	0.000152804490003736	0.000364616639506894	0.000183182679954393
rf_015_017	0.000152510669197351	0.000334453530509022	0.000191397149907505
rf_020_016	0.000151965332477917	0.000103099220460532	0.000186468467935638
cprestamos_prendarios	0.000151669935583873	0.00264609174809949	0.000197147278874683
rf_008_016	0.000148347107264859	0.000128484164335429	9.52878514560969e-05
rf_013_025	0.000147905356609516	4.54802651637818e-05	9.1180616479541e-05
vm_Finiciomora	0.000147580583681148	0.000465116794616836	0.000154432035118502
rf_009_017	0.000146259629150342	0.000102742108829606	4.76439257280485e-05
rf_012_018	0.000146010288105459	0.000106273459809919	0.000110895344367009
ccheques_emitidos	0.000144842726705512	0.00214528124343027	0.000139645989202901
vmr_msaldodolares2	0.000137746085425725	0.00046997595679813	0.000211111877794973
vmr_msaldodolares2_lag1	0.000137166996009509	0.000225553833811377	0.00018071833896846
vm_status06	0.000137040977407008	1.81183835033795e-05	2.30005158687131e-05
Visa_Fvencimiento_delta1	0.00013413763570077	0.000150940620319033	0.000164289399062236
ccheques_emitidos_tend6	0.000133487398243317	0.00139458400273853	0.000179896891973149
rf_004_025	0.000133445099732311	0.000208425443107066	0.000105966662395142
internet_delta1	0.000131613673966433	0.000549831465521856	0.00027107750845269
rf_016_021	0.000129240062718724	0.000293517122683963	0.000124038496291988
active_quarter	0.000126728432459698	6.33377444047598e-05	0.000172503869015348
catm_trx_other_delta1	0.000126438217311999	0.0011651359269731	0.000193861490893439
Master_status_tend6	0.000126341093943616	4.54566877453149e-05	0.000100216533427964
vmr_msaldodolares_delta1	0.000125736672776236	0.000185801731217093	0.000174968210001281
rf_006_023	0.00012538845749677	3.87370084704334e-05	7.96803585451845e-05
Master_Finiciomora_tend6	0.000124385973692625	0.001059922990947	0.000172503869015348
cinversion2	0.000124290775087922	0.00246026293160411	0.000161003611080991
vm_status02_delta1	0.000123567830741872	3.79490913993967e-05	2.79291978405801e-05
rf_003_027	0.000122835384476593	4.04309309754872e-05	9.44664044607858e-05
rf_003_016	0.000121290333786356	0.000102230507601822	0.000197147278874683
rf_009_022	0.000121112339570689	0.000173966010911425	0.000133895860235722
rf_010_019	0.000120250893574802	6.95675309286167e-05	0.000137181648216967
cseguro_accidentes_personales_lag1	0.00011987600536023	0.000177247470008938	0.000170860975024726
cseguro_vivienda	0.000119557912001745	0.000267156159943382	0.000173325316010659
cseguro_accidentes_personales	0.000118702287430803	0.000113296195170949	0.000175789656996593
rf_011_018	0.000118024541916189	7.13674943108732e-05	0.000128145731268544
rf_011_025	0.000118013171179761	8.39329932239923e-05	7.7216017559251e-05
rf_016_015	0.000117984657478841	8.35337010163695e-05	0.000121574155306055
rf_017_012	0.000113638909622937	3.67397998556363e-05	1.64289399062236e-05
catm_trx_other_lag1	0.000112759788793948	0.000300760019378165	0.000149503353146635
rf_006_022	0.000111953691217446	0.000182737299381274	0.000124859943287299
rf_007_020	0.000110333568712993	5.30020079607802e-05	8.78948284982963e-05
vmr_msaldodolares2_delta1	0.000110152381064456	0.000262514312553274	0.00018811136192626
Master_Fvencimiento_delta1	0.000109715735329168	0.000180285477884305	0.000179075444977837
rf_009_015	0.000109512341676824	0.000264478369017471	0.000121574155306055
cplazo_fijo_delta1	0.000108104637159322	0.00046099770459886	9.77521924420305e-05
cpayroll_trx_delta1	0.000107062110072646	0.000230698915321007	0.000130610072254478
ccheques_depositados_rechazados_tend6	0.000105481144441463	0.000397051921574197	6.90015476061392e-05
ctarjeta_master_descuentos_tend6	0.000104986503302059	0.000804993131373259	0.000170860975024726
ctarjeta_master_debitos_automaticos_delta1	0.000104388245575908	0.000319576984538951	9.77521924420305e-05
Master_fechaalta_delta1	0.000102879860687077	2.74013307069105e-05	0.000163467952066925
cpayroll2_trx_tend6	0.00010188073800482	0.000383435674880033	7.47516765733174e-05
rf_016_018	0.000101282768724019	0.00025634812755338	2.38219628640242e-05
cinversion2_lag1	0.000100808071698256	0.00252611026218108	0.000162646505071614
catm_trx_other	0.000100006495780502	0.000633511317779771	0.000170860975024726
ccajas_extracciones	9.92922832114343e-05	0.000288464136871101	0.000127324284273233
rf_008_017	9.8253507213428e-05	0.000241115217529065	8.95377224889187e-05
Visa_status_lag1	9.81309451688603e-05	0.000164390186165815	2.95720918312025e-05
rf_014_019	9.80652505478763e-05	9.52372440138757e-05	0.00014621756516539
cseguro_vida_lag1	9.76446819905625e-05	0.000754190810296599	0.000149503353146635
vm_Fvencimiento_delta1	9.73638113117604e-05	0.000160905529975247	0.00019468293788875
ctarjeta_master_debitos_automaticos_lag1	9.70023314436032e-05	0.000189537889455626	0.000109252450376387
tcuentas	9.58573936573307e-05	0.000324527092299039	8.6251934507674e-05
rf_002_016	9.56169338047078e-05	9.3850287996082e-05	0.000140467436198212
rf_002_024	9.55602314054655e-05	6.85753241524486e-05	0.000119931261315432
ctarjeta_visa_descuentos_lag1	9.55092187016055e-05	0.000241580814037889	6.90015476061392e-05
ctarjeta_master_debitos_automaticos	9.54582327226515e-05	0.000225700790135505	0.000111716791362321
vmr_mpagosdolares_lag1	9.45312889284621e-05	0.000388106764019629	0.000128967178263855
rf_020_023	9.44905263864999e-05	5.64903157759165e-05	0.000110895344367009
rf_005_022	9.38989539932785e-05	0.000150717209902584	4.02509027702479e-05
Master_Finiciomora	9.37290628121075e-05	0.000429151771734384	9.20020634748522e-05
cseguro_vida_tend6	9.37057306289643e-05	0.00225706198565278	0.000226719370705886
rf_003_020	9.28954349135497e-05	9.73471929430739e-05	0.000131431519249789
ccaja_seguridad_tend6	9.18712919385922e-05	0.00151615615932088	9.77521924420305e-05
rf_001_022	9.17621999968518e-05	7.72997740678061e-05	0.000100216533427964
rf_009_019	9.17011633238224e-05	1.58683214519989e-05	2.54648568546466e-05
rf_014_021	9.07248242764764e-05	0.000113448068249415	0.000124859943287299
active_quarter_lag1	9.02697876818218e-05	5.38944995086028e-05	0.000119109814320121
rf_017_019	8.97410480433245e-05	4.07768289561671e-05	9.36449574654746e-05
Visa_Finiciomora_lag1	8.97254323427449e-05	0.00117543690110131	0.000151146247137257
rf_006_015	8.95842303931621e-05	0.000141278680490121	0.000126502837277922
rf_015_013	8.87674410354579e-05	0.000273754961819196	0.000102680874413898
rf_003_023	8.85673159016393e-05	5.69466250821003e-05	0.000111716791362321
ctarjeta_visa	8.84968458095357e-05	0.000116583577376028	5.33940546952267e-05
rf_006_020	8.7084150529135e-05	0.000123521175254032	0.000165932293052858
rf_007_016	8.63828233500814e-05	5.60651746668281e-05	8.6251934507674e-05
cinversion1_tend6	8.53502918471301e-05	0.000293097444635251	7.22873355873839e-05
ctarjeta_visa_descuentos_delta1	8.44949381960159e-05	0.00052000646245539	8.70733815029851e-05
ccajas_consultas_lag1	8.35778775690311e-05	0.000136276817421203	0.00010432376840452
Visa_Finiciomora	8.35177484663879e-05	0.000611407746743539	0.000119109814320121
rf_001_026	8.34940970788568e-05	3.56877006859722e-05	6.98229946014504e-05
rf_010_023	8.3390970081449e-05	7.78865930110893e-05	8.13232525358069e-05
vm_Finiciomora_lag1	8.27365265887332e-05	0.000506957626463698	0.000130610072254478
rf_001_023	8.23237205988174e-05	0.00040127156065605	0.000126502837277922
vm_status03_tend6	8.17992001607251e-05	0.000343280858477154	0.000135538754226345
rf_003_017	8.07387336331197e-05	4.7876133421316e-05	5.75012896717826e-05
rf_006_021	7.91530504269656e-05	9.81356563201483e-05	0.000138003095212278
cseguro_vivienda_tend6	7.89190620240203e-05	0.000244522269509339	0.000101859427418586
vmr_mpagosdolares_delta1	7.8656814869507e-05	0.000273773967518716	0.000114181132348254
rf_019_022	7.82014097524636e-05	4.31666590943378e-05	7.80374645545621e-05
rf_008_020	7.65551142249353e-05	5.72293528330584e-05	7.39302295780063e-05
rf_020_019	7.62185495920761e-05	3.17114265674178e-05	0.000122395602301366
vm_status01_delta1	7.53446439018897e-05	0.00011003446059669	3.28578798124472e-05
rf_017_013	7.52980591203418e-05	0.000144529172661183	9.36449574654746e-05
rf_013_021	7.46298156792879e-05	5.60154895703514e-05	0.000119931261315432
cforex_sell_lag1	7.37654105838058e-05	0.000158488413288143	7.96803585451845e-05
rf_004_021	7.3050085987099e-05	0.000217283220448559	0.000115824026338876
cliente_edad_delta1	7.27546145719823e-05	4.38372353790775e-05	0.000114181132348254
rf_002_019	7.2472638867154e-05	8.65758780693919e-05	8.6251934507674e-05
vmr_mpagosdolares	7.21175916233247e-05	0.00010785958750786	9.69307454467193e-05
rf_012_014	7.1705055619428e-05	7.78712101831871e-05	0.000115824026338876
rf_017_008	7.16150009046943e-05	5.16357253135691e-05	4.18937967608702e-05
rf_016_022	7.13371649464221e-05	7.07782601198446e-05	0.000122395602301366
cseguro_vida	7.11887967718864e-05	0.000910089589201538	0.000148681906151324
rf_011_019	6.91959322972477e-05	7.28387252232116e-05	3.77865617843143e-05
cseguro_accidentes_personales_tend6	6.91716953197483e-05	0.000250697367923532	9.28235104701634e-05
rf_013_026	6.7939935834949e-05	0.000303144673985453	6.98229946014504e-05
cprestamos_hipotecarios	6.66649492502443e-05	0.00311995309094328	0.000119931261315432
rf_010_017	6.63961610186867e-05	1.88563567013953e-05	7.7216017559251e-05
rf_002_017	6.63692151847825e-05	4.46176766832832e-05	9.44664044607858e-05
rf_019_017	6.59130895814632e-05	8.16495777513657e-05	8.70733815029851e-05
vm_fechaalta_delta1	6.57728232985823e-05	3.62091354224336e-05	0.000111716791362321
ccajas_extracciones_delta1	6.53934508323171e-05	0.00011633000511571	9.61092984514081e-05
rf_015_019	6.51569396998256e-05	7.60422638279859e-05	9.61092984514081e-05
vm_status05	6.36254933933474e-05	0.000150970724657003	3.61436677936919e-05
rf_020_015	6.3561521192559e-05	0.000111614722692964	6.40728656342721e-05
rf_010_025	6.28366592016555e-05	3.60745428665265e-05	8.95377224889187e-05
ccheques_depositados_lag1	6.268739320898e-05	0.00033805365854418	6.57157596248945e-05
rf_009_026	6.24136700750467e-05	0.000451497327592345	9.1180616479541e-05
rf_007_006	6.15818911121553e-05	1.68205328756213e-05	1.97147278874683e-05
rf_015_022	6.1575737835378e-05	3.03187199597542e-05	5.25726076999156e-05
rf_004_022	6.11497361788979e-05	9.3670927098037e-05	8.46090405170516e-05
cforex_buy	6.08220233702054e-05	0.000628010936075024	5.0108266713982e-05
rf_017_016	6.08033328969013e-05	4.2406919913664e-05	7.06444415967615e-05
ccajas_depositos_delta1	6.04443406798975e-05	0.000470591413678966	7.80374645545621e-05
rf_012_017	6.02328411291161e-05	4.25705529484146e-05	9.52878514560969e-05
rf_009_016	5.92067384722787e-05	5.94296435291142e-05	0.000101037980423275
rf_010_027	5.84771658865279e-05	0.000138719035433089	2.87506448358913e-05
ccajas_transacciones_lag1	5.83159058028983e-05	3.77220581113294e-05	6.40728656342721e-05
Visa_fechaalta_delta1	5.7801031745045e-05	4.90357973744983e-05	0.000106788109390453
rf_005_013	5.76313057015228e-05	6.58556114263858e-05	0.000122395602301366
rf_019_013	5.73384306188442e-05	7.42624275102745e-05	4.51795847421149e-05
cprestamos_prendarios_lag1	5.72879359698646e-05	0.00293410092705302	0.000126502837277922
ccajeros_propios_descuentos_lag1	5.66953342282054e-05	2.67995027240666e-05	3.12149858218249e-05
rf_005_020	5.61164566693851e-05	0.000121471665024368	9.61092984514081e-05
rf_014_015	5.59531596614735e-05	5.32485069955574e-05	9.03591694842299e-05
rf_004_017	5.57061437928183e-05	0.000181545892172009	0.00013882454220759
Master_status_delta1	5.54778461284645e-05	4.39542023770331e-05	2.30005158687131e-05
ctarjeta_master_descuentos_delta1	5.49750392682491e-05	7.95786465744354e-05	5.66798426764715e-05
rf_017_017	5.42641600138827e-05	7.95673466653408e-05	7.80374645545621e-05
cplazo_fijo_lag1	5.41895357343966e-05	0.000192692720564202	7.80374645545621e-05
rf_007_018	5.41508146392425e-05	2.85050126677085e-05	4.43581377468037e-05
rf_013_022	5.36856966168704e-05	3.27188436537921e-05	7.14658885920727e-05
cseguro_auto_tend6	5.32992307666499e-05	0.000294076540066515	6.98229946014504e-05
ccajeros_propios_descuentos_delta1	5.32550876217498e-05	0.000143929328631845	4.68224787327373e-05
rf_005_014	5.27457964182619e-05	0.000797334064490166	0.000116645473334188
cforex_sell	5.2537838673567e-05	8.5066894534557e-05	6.07870776530274e-05
rf_008_015	5.17919159700173e-05	5.16029757042595e-05	7.55731235686286e-05
ccajas_extracciones_lag1	5.1668659220503e-05	0.000325429187331945	8.70733815029851e-05
rf_013_020	5.12369034377833e-05	3.14474457394359e-05	4.02509027702479e-05
rf_011_023	5.12023239294529e-05	5.48642214783793e-05	5.50369486858491e-05
Master_Finiciomora_lag1	4.99381445763726e-05	0.00116803773212739	6.24299716436497e-05
rf_014_017	4.96723872832236e-05	8.02983328966647e-05	0.000106788109390453
cprestamos_prendarios_tend6	4.86287484482699e-05	0.00126234993625478	9.36449574654746e-05
rf_016_016	4.79409950678048e-05	4.5477159845252e-05	8.29661465264292e-05
rf_002_026	4.76527537067971e-05	0.000231349968353138	4.92868197186708e-05
cforex	4.72242242453829e-05	4.12683606253046e-05	5.42155016905379e-05
ccheques_emitidos_rechazados_tend6	4.71418008568783e-05	0.000244239052958242	5.09297137092932e-05
rf_012_008	4.70447821454155e-05	0.000101531379638378	6.73586536155168e-05
rf_011_017	4.67852900278665e-05	9.29646684031541e-05	9.85736394373417e-05
rf_002_012	4.61128966543165e-05	6.05960644253937e-05	2.05361748827795e-05
rf_010_015	4.5281359004824e-05	5.16687624523722e-05	0.000101037980423275
tcallcenter_lag1	4.52660475129905e-05	2.41315453068338e-05	5.58583956811603e-05
rf_010_016	4.52588617190768e-05	3.81278484855053e-05	6.73586536155168e-05
rf_005_017	4.45112472410626e-05	2.75680403072415e-05	7.63945705639398e-05
rf_006_024	4.43808626309014e-05	6.54654914096057e-05	7.31087825826951e-05
rf_003_028	4.43778794671696e-05	0.000260547812088383	7.14658885920727e-05
ccheques_depositados	4.40251265584792e-05	0.000283491026751533	4.84653727233597e-05
rf_012_019	4.35259735008518e-05	6.80025366484481e-05	7.22873355873839e-05
vm_Finiciomora_delta1	4.32920225616144e-05	0.000216328248741799	3.12149858218249e-05
rf_007_019	4.23770285337159e-05	2.87511954200428e-05	8.95377224889187e-05
cinversion2_tend6	4.21731523424848e-05	0.00243983534123253	9.36449574654746e-05
rf_001_019	4.15768645349465e-05	5.51843280634923e-05	9.52878514560969e-05
Visa_delinquency_delta1	4.11703627003126e-05	3.04755385455088e-05	2.79291978405801e-05
rf_010_026	4.09061052780483e-05	3.02892769396198e-05	3.28578798124472e-05
rf_008_019	4.06766878186412e-05	5.10380377554317e-05	9.61092984514081e-05
cseguro_auto_lag1	4.05307670926389e-05	0.00017719252312273	4.68224787327373e-05
rf_008_009	3.96047025947447e-05	0.000119990341826807	3.45007738030696e-05
rf_016_024	3.95805861958018e-05	4.06338405390498e-05	2.46434098593354e-05
rf_003_024	3.93450327135918e-05	3.45850250784015e-05	4.84653727233597e-05
rf_018_016	3.87662438666124e-05	4.99305604053195e-05	1.8071833896846e-05
rf_015_018	3.84434027777729e-05	5.68576634568115e-05	3.2036432817136e-05
rf_003_025	3.82522871958597e-05	7.57172404885341e-05	1.23217049296677e-05
cprestamos_hipotecarios_lag1	3.82069569728296e-05	0.00348512664632613	0.000105145215399831
rf_004_026	3.80731948131682e-05	0.000126819627344611	6.48943126295833e-05
Visa_delinquency_lag1	3.78815892160367e-05	4.72718326848281e-05	2.79291978405801e-05
rf_018_017	3.77961112704018e-05	0.000107446551390448	9.85736394373417e-05
cinversion1	3.75528599837588e-05	0.00173808508005476	7.55731235686286e-05
rf_004_023	3.69461948912901e-05	3.02353364066393e-05	5.33940546952267e-05
rf_014_022	3.66546814855539e-05	4.01943804611851e-05	4.02509027702479e-05
ccheques_depositados_delta1	3.64893473267456e-05	0.000377077161401937	5.9144183662405e-05
rf_015_016	3.59406726821733e-05	8.8212064652151e-05	3.28578798124472e-05
cforex_sell_delta1	3.56919398164468e-05	4.55239983997431e-05	4.68224787327373e-05
ctarjeta_master_lag1	3.55487079832663e-05	0.00119138153288089	3.77865617843143e-05
Visa_Finiciomora_delta1	3.50992228822375e-05	0.000303061002902845	2.87506448358913e-05
rf_009_024	3.50959090681218e-05	4.87592515076505e-05	6.57157596248945e-05
rf_007_021	3.47166215374371e-05	2.11147283551381e-05	6.16085246483385e-05
ctarjeta_master_tend6	3.44773644149872e-05	7.44530308115153e-05	4.76439257280485e-05
rf_008_018	3.43060912240652e-05	2.12627485383916e-05	2.87506448358913e-05
rf_001_017	3.42677726864836e-05	3.82400712468182e-05	7.06444415967615e-05
rf_013_017	3.4191589063429e-05	2.99204341053586e-05	5.33940546952267e-05
rf_005_021	3.3974562559831e-05	2.55608256660707e-05	5.9144183662405e-05
rf_003_026	3.37187069987099e-05	3.15650165493279e-05	3.69651147890031e-05
rf_010_010	3.25915683476099e-05	9.15871145997978e-05	6.65372066202056e-05
ctarjeta_debito_delta1	3.25441991158332e-05	0.000954205670683411	8.05018055404957e-05
rf_012_020	3.21883193853194e-05	5.37459905252102e-05	4.68224787327373e-05
rf_005_016	3.20798231003194e-05	2.33744226445509e-05	6.16085246483385e-05
cseguro_auto	3.20066268489972e-05	0.00033618664328404	5.17511607046044e-05
ccajas_otras_lag1	3.18246502589621e-05	6.30835395795569e-05	2.95720918312025e-05
cforex_delta1	3.17691878035429e-05	3.15176029358498e-05	4.84653727233597e-05
Master_status_lag1	3.17451196188311e-05	2.14851813545629e-05	1.56074929109124e-05
rf_002_020	3.09041483353712e-05	4.41578882702281e-05	4.18937967608702e-05
cforex_lag1	3.081749899686e-05	5.13370684286712e-05	4.60010317374261e-05
rf_012_015	3.0705934661387e-05	5.41818277314568e-05	5.25726076999156e-05
rf_006_010	3.024232106759e-05	0.000148539173989325	5.9144183662405e-05
rf_017_014	3.00721963990417e-05	9.04981541490671e-05	9.36449574654746e-05
ctarjeta_visa_tend6	2.96030665072263e-05	9.2568308996365e-05	3.03935388265137e-05
Visa_status_delta1	2.94049940649935e-05	4.71553832399607e-05	1.31431519249789e-05
rf_013_023	2.89288213164867e-05	7.55426238271318e-06	9.03591694842298e-06
rf_001_024	2.81108316940212e-05	0.000182115631863378	6.98229946014504e-05
rf_019_018	2.79408483255994e-05	0.000133453335300936	3.53222207983808e-05
rf_006_017	2.71504991345381e-05	4.99038489153734e-05	6.90015476061392e-05
ctarjeta_visa_descuentos	2.71040264139595e-05	0.00012189395959147	3.36793268077584e-05
rf_016_020	2.68404626553863e-05	1.9252428578691e-05	2.87506448358913e-05
Visa_cadelantosefectivo_tend6	2.64870931554458e-05	0.000696988168953486	5.09297137092932e-05
cforex_buy_delta1	2.53385168220525e-05	0.00014236283919831	2.21790688734019e-05
rf_017_004	2.52726560670966e-05	0.000268168666301791	7.14658885920727e-05
rf_020_004	2.52160507663927e-05	0.000100042839450531	3.94294557749367e-05
rf_013_008	2.5038368177196e-05	0.000168056129702036	5.0108266713982e-05
rf_011_024	2.45542524584075e-05	0.000155679537666146	3.2036432817136e-05
Master_cadelantosefectivo_tend6	2.44721567195956e-05	2.98090164266275e-05	2.38219628640242e-05
rf_008_006	2.42388298831041e-05	2.18071568813836e-05	7.39302295780063e-06
rf_012_006	2.36563359150749e-05	7.81917768154897e-05	1.31431519249789e-05
active_quarter_delta1	2.34389940321889e-05	7.32566205890638e-05	6.07870776530274e-05
rf_020_022	2.28485967885685e-05	1.79721460029856e-05	2.46434098593354e-05
ccheques_depositados_rechazados_delta1	2.2587327347552e-05	2.47115498011211e-05	1.56074929109124e-05
rf_009_023	2.25343188265352e-05	2.70985046443568e-05	3.03935388265137e-05
ctarjeta_visa_lag1	2.20308817996772e-05	7.64059023784148e-05	2.05361748827795e-05
rf_016_023	2.18220307456936e-05	3.41456800123342e-05	4.18937967608702e-05
ccajas_depositos_lag1	2.17635682398403e-05	0.000136678036076432	3.36793268077584e-05
rf_007_010	2.12466882277296e-05	6.63687365604851e-05	2.13576218780907e-05
cseguro_accidentes_personales_delta1	2.06599129317031e-05	6.97797852007181e-05	2.21790688734019e-05
ctarjeta_master_descuentos_lag1	1.99305088515643e-05	2.7433907798524e-05	1.88932808921572e-05
cseguro_vivienda_delta1	1.97739770172393e-05	1.4212266581239e-05	1.56074929109124e-05
cinversion1_lag1	1.94403846159062e-05	4.641939399545e-05	1.88932808921572e-05
rf_019_025	1.93745331052672e-05	4.11075741325397e-05	2.95720918312025e-05
vm_status03_delta1	1.92159204400621e-05	9.79995111049763e-05	2.95720918312025e-05
rf_010_022	1.91012872746397e-05	0.000230557882104446	4.1072349765559e-05
rf_004_018	1.90645741068537e-05	2.70830068046572e-05	3.2036432817136e-05
rf_016_014	1.89112753610181e-05	4.1518252508105e-05	2.54648568546466e-05
rf_005_019	1.87650606649563e-05	3.38652524973241e-05	3.69651147890031e-05
rf_008_022	1.87632660601643e-05	1.87215628748428e-05	2.7107750845269e-05
vm_status04_lag1	1.87473245599277e-05	9.79727996150302e-07	7.39302295780063e-06
vmr_madelantopesos_tend6	1.81990461394378e-05	0.000130107613361626	1.88932808921572e-05
ccheques_emitidos_lag1	1.77365212065693e-05	0.000162854376129237	2.79291978405801e-05
rf_014_020	1.75097264450485e-05	2.60216491853024e-05	2.30005158687131e-05
rf_001_018	1.71767014869255e-05	4.31622598930873e-05	2.62863038499578e-05
rf_003_021	1.70856399094024e-05	6.36142327657089e-05	4.35366907514926e-05
rf_009_020	1.6961098287747e-05	1.00436639844828e-05	1.56074929109124e-05
rf_004_020	1.69096263687322e-05	7.43604463146085e-05	3.28578798124472e-06
cseguro_vida_delta1	1.57476413783062e-05	4.54328515503038e-05	1.72503869015348e-05
rf_019_019	1.53223642051164e-05	2.10487978422786e-05	2.13576218780907e-05
rf_001_020	1.52868383303537e-05	4.71972475342143e-05	4.27152437561814e-05
rf_016_012	1.52607825921074e-05	2.58049094531024e-05	2.62863038499578e-05
rf_014_018	1.49228575111044e-05	3.64478424079369e-05	3.36793268077584e-05
cpagodeservicios_lag1	1.46371681246608e-05	1.07566508695136e-05	1.15002579343565e-05
rf_017_018	1.39940954191654e-05	4.06211892413358e-05	2.21790688734019e-05
ctarjeta_master_delta1	1.35912319870877e-05	2.71168777789914e-05	1.15002579343565e-05
rf_019_009	1.35703869120041e-05	8.14346782079242e-06	1.15002579343565e-05
rf_018_018	1.23615744864789e-05	1.57215376455674e-06	7.39302295780063e-06
rf_013_016	1.23611350883889e-05	0.000129459953177518	5.0108266713982e-05
vm_cadelantosefectivo_delta1	1.18504730359239e-05	6.26226585544265e-05	9.85736394373417e-06
ccajeros_propios_descuentos	1.1802621032785e-05	6.28510719840625e-06	9.03591694842298e-06
ccajas_depositos	1.15955470639328e-05	2.46729633430935e-05	1.88932808921572e-05
rf_014_010	1.13381742705059e-05	1.26201582698334e-05	1.47860459156013e-05
ccheques_emitidos_delta1	1.12757386033443e-05	0.000104834921000991	1.8071833896846e-05
rf_010_018	1.10805133716516e-05	2.58644855641555e-05	1.23217049296677e-05
rf_011_020	1.07461462488933e-05	5.91799529169592e-05	6.57157596248944e-06
Master_delinquency	1.06058054918262e-05	3.43088817528445e-06	5.75012896717826e-06
rf_011_012	1.05977168161063e-05	1.63193114625529e-06	4.1072349765559e-06
vm_cadelantosefectivo_tend6	1.04794660537015e-05	2.74262595139969e-05	7.39302295780063e-06
ccheques_depositados_rechazados_lag1	1.04080586753822e-05	1.17522217407557e-05	7.39302295780063e-06
Master_delinquency_lag1	1.00793446653607e-05	7.65801452514755e-05	1.39645989202901e-05
rf_004_024	1.00237172598361e-05	1.29367282421764e-05	1.39645989202901e-05
rf_019_026	9.78739145519097e-06	4.15900486226319e-05	1.23217049296677e-05
rf_002_018	9.71879871936298e-06	2.39406832290489e-05	3.36793268077584e-05
rf_020_018	9.70523302225002e-06	2.38052855905599e-05	1.56074929109124e-05
rf_007_014	9.58214427041827e-06	9.45072066298804e-06	6.57157596248944e-06
ccheques_emitidos_rechazados	8.94521296005704e-06	1.33059448647791e-05	6.57157596248944e-06
cpagodeservicios_delta1	8.68345822756651e-06	8.1259572746383e-06	6.57157596248944e-06
rf_011_026	8.03628010764224e-06	3.90663447522878e-06	1.06788109390453e-05
rf_001_010	7.99730196108902e-06	2.24810685082478e-05	1.31431519249789e-05
vm_status05_lag1	7.92790292820303e-06	2.1797323372706e-06	7.39302295780063e-06
rf_005_003	7.92285803564736e-06	0.000310232937318051	3.45007738030696e-05
cforex_buy_lag1	7.7779459091627e-06	1.11137912533893e-05	9.03591694842298e-06
vmr_madelantopesos_delta1	7.44349664248262e-06	5.13385923349867e-05	6.57157596248944e-06
rf_002_022	7.40002255013568e-06	0.000103980124569767	2.87506448358913e-05
vm_status03_lag1	7.38911769446101e-06	2.93625118761721e-07	4.92868197186708e-06
Visa_delinquency	7.33688520181115e-06	0.000103478989415546	2.38219628640242e-05
ctarjeta_visa_delta1	7.3331035807178e-06	3.0979865277107e-06	8.21446995311181e-06
rf_003_019	7.29603533113905e-06	0.000275116902771055	1.31431519249789e-05
rf_005_018	7.18248338547787e-06	2.59020369160066e-05	8.21446995311181e-06
Master_delinquency_delta1	7.05553519384605e-06	4.30969331921642e-05	6.57157596248944e-06
ccaja_seguridad_delta1	7.04906525623554e-06	0.000620995043915939	2.13576218780907e-05
cprestamos_prendarios_delta1	6.88110904226712e-06	2.67940971695889e-05	8.21446995311181e-06
rf_016_008	6.78858335404981e-06	3.78929368893162e-06	1.23217049296677e-05
rf_010_024	6.73529738435737e-06	2.23675231112649e-05	1.23217049296677e-05
cseguro_auto_delta1	6.53990268003306e-06	2.414100502717e-05	7.39302295780063e-06
rf_009_025	6.38522964497476e-06	1.10307239827173e-05	1.15002579343565e-05
rf_020_014	6.26616495680157e-06	0.000143204955578871	2.38219628640242e-05
vm_status03	6.18774230627007e-06	3.0037631126909e-06	1.15002579343565e-05
cinversion1_delta1	5.68476198422295e-06	0.000311073558545247	1.31431519249789e-05
rf_014_014	5.62138937467494e-06	3.52699490848667e-05	1.56074929109124e-05
cprestamos_hipotecarios_tend6	5.56225655035177e-06	0.000132019310705056	1.47860459156013e-05
rf_004_027	5.46599871337452e-06	8.46552960646124e-06	4.1072349765559e-06
cpagodeservicios	5.39240394838004e-06	4.97963703907033e-06	4.92868197186708e-06
rf_018_014	5.17205016467389e-06	0.00046164573857131	2.30005158687131e-05
rf_001_016	5.13179623401046e-06	2.51921553495056e-05	1.88932808921572e-05
rf_018_022	4.6481622121179e-06	4.92204488152237e-06	8.21446995311181e-06
rf_011_016	4.38145236556461e-06	0.000106115606117988	1.06788109390453e-05
rf_006_014	4.2858084395325e-06	4.32080058355031e-05	8.21446995311181e-06
cinversion2_delta1	4.14766116234102e-06	1.26300780373591e-05	4.92868197186708e-06
rf_004_010	4.11498389883172e-06	3.2181738559935e-06	4.92868197186708e-06
vmr_madelantopesos	4.03045679526941e-06	3.76037397247544e-05	3.28578798124472e-06
rf_006_018	4.0195558428376e-06	0.000286623948112704	1.88932808921572e-05
rf_001_014	4.0070125726461e-06	3.3053642996023e-05	1.8071833896846e-05
tcuentas_delta1	3.58579203116381e-06	6.24526136119708e-05	9.85736394373417e-06
Master_cadelantosefectivo_delta1	3.43360861646255e-06	1.3818954987081e-05	2.46434098593354e-06
vmr_madelantopesos_lag1	3.24499705666133e-06	0.000331249646868856	9.03591694842298e-06
Master_cadelantosefectivo	2.2656274870183e-06	1.00416800309776e-06	2.46434098593354e-06
vm_cadelantosefectivo_lag1	2.19514753522163e-06	0.000303998119028058	8.21446995311181e-06
cliente_antiguedad_tend6	2.12732310332495e-06	3.44557805710735e-05	1.64289399062236e-06
rf_006_016	2.03401470551425e-06	0.000157697563416272	5.75012896717826e-06
rf_015_020	1.98216273020375e-06	4.56683094525305e-07	1.64289399062236e-06
rf_009_014	1.90179674921515e-06	5.67497248849518e-05	4.92868197186708e-06
rf_011_010	1.88842000773734e-06	2.04350948913532e-05	6.57157596248944e-06
Visa_cadelantosefectivo_lag1	1.70198967694296e-06	3.67460392456453e-05	1.64289399062236e-06
rf_005_008	1.66056458001795e-06	2.5899276632869e-05	5.75012896717826e-06
ctarjeta_master_descuentos	1.51283704719422e-06	1.91546110450024e-05	4.1072349765559e-06
vm_cadelantosefectivo	1.50924252779334e-06	1.67839591240481e-06	8.21446995311181e-07
rf_002_008	1.16756500233971e-06	3.83226209644019e-05	5.75012896717826e-06
rf_014_006	1.15503987499928e-06	2.1848676140245e-05	5.75012896717826e-06
rf_014_016	1.0073168471195e-06	3.74880953624689e-07	8.21446995311181e-07
ccheques_emitidos_rechazados_lag1	9.84218667097453e-07	1.03389855272561e-06	1.64289399062236e-06
cpayroll2_trx_lag1	9.62557724391852e-07	5.24511302041845e-07	8.21446995311181e-07
ccuenta_corriente_lag1	6.5472142392448e-07	2.95298540413888e-05	1.64289399062236e-06
cliente_vip	6.33941090316472e-07	5.19019488716004e-07	8.21446995311181e-07
Visa_cadelantosefectivo_delta1	3.71333130035612e-07	1.92874784239485e-07	8.21446995311181e-07
Master_cadelantosefectivo_lag1	3.65735278074949e-07	2.42042327627905e-07	1.64289399062236e-06
ccheques_emitidos_rechazados_delta1	3.62537748557866e-07	7.1752985102808e-07	1.64289399062236e-06
vm_status06_lag1	2.6618884763536e-07	1.39739333840772e-08	8.21446995311181e-07
Visa_cadelantosefectivo	2.02326668284094e-07	1.33384932034432e-07	8.21446995311181e-07
Master_Finiciomora_delta1	1.72589740281824e-07	7.40963504748292e-08	8.21446995311181e-07
ccuenta_corriente	1.70905125669713e-07	6.22137628617208e-05	2.46434098593354e-06
rf_016_019	1.52481670904337e-07	1.97906550375727e-07	8.21446995311181e-07
rf_018_006	4.44764873103126e-08	3.94691735726806e-07	8.21446995311181e-07
