Feature	Gain	Cover	Frequency
rf_019_015	0.0643224512824052	0.000956516658383916	0.000143753224179457
ctrx_quarter_normalizado	0.0419237041595768	0.00471791276601602	0.000943842597612546
rf_001_025	0.0213965714968305	0.0028617968390153	0.000158539270095058
ctrx_quarter	0.0182317176980252	0.00288378925573211	0.00109991752672167
rf_016_017	0.0139702980969607	0.00197076841695129	0.000127324284273233
rf_009_018	0.00900440876189744	0.00643782951336795	0.000165932293052858
cpayroll_trx	0.00893146184568068	0.0027401545403139	0.000242326863616798
mprestamos_personales_rank	0.00878702485325471	0.0139183070206114	0.00325375154842759
rf_018_021	0.0076848808065428	0.00255917515373479	0.000137181648216967
rf_012_013	0.0075343773391281	0.000145377717559829	9.20020634748522e-05
mcuentas_saldo_rank	0.00694008163568501	0.0103718906743971	0.00271981100147532
mpayroll_sobre_edad_rank	0.00673206912540664	0.00527391565423487	0.00226226502508699
rf_011_015	0.0061927460996364	0.000132413288493651	0.000112538238357632
rf_015_015	0.00533568154261512	0.00241372721791531	0.000143753224179457
rf_013_015	0.00504025052062565	0.000898419630750998	0.000183182679954393
ccomisiones_mantenimiento_tend6	0.0048941493547186	0.00457130672015108	0.00119520537817777
rf_002_015	0.00455027251009192	0.00297894516909878	0.000289149342349536
foto_mes	0.00453389536948228	0.0108637387797159	0.00168643068137385
rf_008_021	0.00439379933187008	0.00119662695700426	0.000168396634038792
mpasivos_margen_rank	0.00438551220538391	0.00261520343007338	0.00170614540926132
mpayroll_rank	0.00413686756230308	0.0036591924482263	0.00223022859226985
mprestamos_personales_rank_lag1	0.00409576979608818	0.0019082366583269	0.00264916655987856
mcaja_ahorro_rank	0.00368301398670183	0.00266666506334011	0.00166260871850983
cliente_edad	0.00342234339031686	0.00458787533978939	0.00374990553359554
ctrx_quarter_lag1	0.00336911771138389	0.000968889346906383	0.000893734330898564
mcuenta_corriente_rank_tend6	0.00331119542693168	0.0052302871712449	0.00315764224997618
cliente_edad_lag1	0.00317324062079984	0.00678400920331114	0.00342871975842887
mactivos_margen_rank	0.00311122914058923	0.00650008045674653	0.00238219628640242
mcuentas_saldo_rank_delta1	0.00306979418662853	0.00890799357386599	0.0030122461318061
mrentabilidad_annual_rank_lag1	0.00294589456700119	0.00323692719955389	0.0024610551979523
mcuenta_corriente_rank	0.00291140701841487	0.00303817068796392	0.00292024406833125
cprestamos_personales	0.00291070137414514	0.00562665110005716	0.000616906693478697
mrentabilidad_annual_rank	0.00290394740557106	0.00288599257757592	0.00259823684616926
internet_tend6	0.00280303778329755	0.00454075934990322	0.00208811826208102
rf_007_017	0.00269590778982038	0.00584847503235393	0.000262863038499578
mprestamos_personales_rank_tend6	0.00267843365065876	0.00223157359709778	0.00306974742147788
numero_de_cliente	0.00262907231705423	0.00325218903715253	0.00357165153561301
mtarjeta_visa_consumo_rank	0.00261122916729329	0.00158239145396977	0.00117713354428092
mrentabilidad_annual_rank_delta1	0.00258059616237096	0.00529463269930223	0.00282577766387046
mcuentas_saldo_rank_tend6	0.00248915460332331	0.00258512175425868	0.00288902908250942
mtransferencias_recibidas_rank	0.00241219249673908	0.0027234511189549	0.00226144357809168
Master_fechaalta	0.00231937884017038	0.00287232778638658	0.00241094693123832
mrentabilidad_annual_rank_tend6	0.00231148600671256	0.00281131002590885	0.00302456783673577
mcuenta_corriente_rank_lag1	0.00230683559769018	0.00266766141132073	0.00256784330734275
ctrx_quarter_tend6	0.00227222889213114	0.00205573736572978	0.00207990379212791
mcomisiones_rank_tend6	0.00225364831965313	0.0020006264346056	0.00216204849165903
chomebanking_transacciones	0.00224825781807395	0.00350232667663005	0.0019690084477609
mactivos_margen_rank_tend6	0.00221947106170679	0.00265301766778547	0.00275102598729714
mcaja_ahorro_rank_tend6	0.00220628652133718	0.00237096285296515	0.00287670737757975
cproductos_delta1	0.00219237444817062	0.00992950413780112	0.000694944158033259
mcomisiones_otras_rank_tend6	0.00218389732863844	0.00414340869561259	0.00225815779011044
mttarjeta_visa_debitos_automaticos_rank_tend6	0.00217897766374646	0.00158049778598212	0.00271323942551283
mcuenta_debitos_automaticos_rank	0.00216818197412839	0.00358719252304209	0.00265491668884574
cdescubierto_preacordado_delta1	0.00215208641127068	0.0137230995652564	0.000444402824463349
mplazo_fijo_dolares_rank	0.00213114784044963	0.00425877197928785	0.00280852727696893
mcomisiones_mantenimiento_rank_tend6	0.0021177878393027	0.00168582786283037	0.00261220144508955
mactivos_margen_rank_lag1	0.00210172564182401	0.00241848622434293	0.00198625883466243
rf_015_021	0.00206112586242876	0.000524394499840108	0.000150324800141946
ccallcenter_transacciones_tend6	0.00205698977976376	0.0033420139108948	0.0014769616975695
cdescubierto_preacordado_tend6	0.00202426398201351	0.00748984817733907	0.000491225303196086
cdescubierto_preacordado	0.00201543092759534	0.00213147174647152	0.000448510059439905
mcaja_ahorro_dolares_rank_tend6	0.00201538131419654	0.00195415888000613	0.00301471047279203
chomebanking_transacciones_tend6	0.00201481747372725	0.0045508986643226	0.00254730713245997
mcomisiones_mantenimiento_rank	0.00200603622900779	0.00333373702745126	0.00229594435189475
Master_Fvencimiento	0.00199105994056456	0.00205575476136448	0.00256045028438495
mcuenta_debitos_automaticos_rank_tend6	0.0019743399855596	0.00155718928258384	0.00278634820809552
mcomisiones_otras_rank	0.0019553897765838	0.00170051102105953	0.0014621756516539
Visa_fechaalta	0.00194964585770909	0.00132284656155028	0.00190657847611725
mpayroll_rank_tend6	0.00194949546462407	0.00160082727249044	0.00274691875232059
matm_rank_tend6	0.00194438151289453	0.0017360658201129	0.00283809936880013
rf_015_024	0.00191869314945851	0.00586130988994838	0.00013882454220759
vm_fultimo_cierre_tend6	0.00190605257226535	0.00133426142099752	0.00145396118170079
cliente_antiguedad	0.00190455937451002	0.00378072092399569	0.00255387870842246
mcaja_ahorro_dolares_rank	0.0019018963448174	0.00385153569210109	0.00270009627358785
mtransferencias_emitidas_rank_tend6	0.00188840540014923	0.00118331857405138	0.00285945699067822
ctrx_quarter_normalizado_lag1	0.00188571901765783	0.000804990884297029	0.000676050877141102
vm_mpagado_rank_tend6	0.00187228902615381	0.0009952141146583	0.00280195570100644
mcheques_depositados_rechazados_rank_tend6	0.00187058312623652	0.0010456508502981	0.00287752882457507
Master_mpagosdolares_rank_tend6	0.00186781635780529	0.00233951377045698	0.00274281151734403
tcallcenter_tend6	0.00185542025133102	0.00402673981465019	0.00130527927554947
mextraccion_autoservicio_rank_tend6	0.00184773384421356	0.000865861186429488	0.00261795157405673
mprestamos_prendarios_rank_tend6	0.00182415649692169	0.00142413238450282	0.00291531538635938
Visa_Fvencimiento	0.00181821198078997	0.00107139104381428	0.00230744460982911
mcaja_ahorro_adicional_rank_tend6	0.00181522041258412	0.00100773027382241	0.00273788283537216
Master_Fvencimiento_lag1	0.00181511582219078	0.00182583709102733	0.00250952057067566
rf_017_020	0.00179879304057508	0.00113995492659629	0.000110895344367009
mpagomiscuentas_rank_tend6	0.00179704846262553	0.0022384110062184	0.00294160169020934
Visa_Fvencimiento_lag1	0.00178425772205157	0.00105720447027327	0.00221379965236363
Visa_mfinanciacion_limite_rank_tend6	0.00177497969282418	0.00197250185438347	0.0026376663019442
Master_mconsumospesos_rank_tend6	0.00177389289035716	0.00126067089330191	0.00269598903861129
mcajeros_propios_descuentos_rank_tend6	0.00177334003161798	0.00118213070071068	0.00279620557203926
mforex_sell_rank_tend6	0.00176887577673229	0.00115320450536876	0.0026672383937754
mautoservicio_rank_tend6	0.00176861607113165	0.00184101007218628	0.00274691875232059
mplazo_fijo_dolares_rank_tend6	0.00176592054777098	0.000959950273488248	0.00270173916757847
cproductos_tend6	0.00176505572173351	0.00604747618089297	0.00117302630930437
mplazo_fijo_pesos_rank_tend6	0.00176112250832422	0.00134431757156864	0.002879993165561
mprestamos_hipotecarios_rank_lag1	0.00175508764243486	0.00160206106221574	0.00265902392382229
Master_fechaalta_lag1	0.00175097245208191	0.00266673611959545	0.00236248155851496
vm_madelantodolares_rank_tend6	0.00174853607692952	0.00119192418297716	0.00266559549978478
mtarjeta_visa_descuentos_rank_tend6	0.00174544619893403	0.000874818175617576	0.00270913219053627
Master_mfinanciacion_limite_rank_tend6	0.00174434874994002	0.00132795440535673	0.00266970273476134
mcuentas_saldo_rank_lag1	0.00174361351203063	0.00264397211112173	0.00186057744437982
mtransferencias_recibidas_rank_tend6	0.00174109619093232	0.0012836107074924	0.00272884691842374
mprestamos_personales_rank_delta1	0.00174019247725955	0.00152072106822689	0.00248159137283508
Master_madelantodolares_rank_tend6	0.00173837209136375	0.000925706301970982	0.00260234408114582
mtarjeta_master_consumo_rank_tend6	0.001735697049003	0.00135532328684368	0.00266559549978478
ctarjeta_visa_transacciones_tend6	0.00173108685588716	0.00298876682535833	0.00145313973470548
Master_msaldodolares_rank_tend6	0.00172567717023007	0.0019022725274059	0.00260316552814113
mpayroll2_rank_tend6	0.0017175968668079	0.00112305139764548	0.00263848774893951
mcomisiones_mantenimiento_rank_delta1	0.00171650340982613	0.00117607800231402	0.00248816294879757
mcaja_ahorro_adicional_rank	0.00171404545191093	0.000957284406919216	0.00263684485494889
mpayroll_sobre_edad_rank_tend6	0.00171238280265721	0.00167468506301879	0.00278059807912835
mcheques_emitidos_rank_tend6	0.0017071626054462	0.0012830365070654	0.00285863554368291
mcaja_ahorro_dolares_rank_lag1	0.00169885243411352	0.00154248537673722	0.00247912703184914
vm_Fvencimiento	0.00169687548189934	0.001379980529859	0.00214726244574343
vm_msaldodolares_rank_tend6	0.00169238513087598	0.00113920549838059	0.00269434614462067
mrentabilidad_rank_tend6	0.00168946222122021	0.00280907665180577	0.0026154872330708
mpagodeservicios_rank_tend6	0.00168731176903046	0.00173432778815262	0.00288245750654693
matm_other_rank_tend6	0.00168529138836968	0.00114852421274331	0.00269023890964412
ctrx_quarter_delta1	0.00168246422085162	0.00199594952285933	0.00186057744437982
ctarjeta_visa_debitos_automaticos_tend6	0.00168076139885906	0.00309162152072711	0.00138413818709934
vm_mlimitecompra_rank_tend6	0.00167909312196735	0.000970181045023603	0.00249309163076943
mtarjeta_visa_consumo_rank_tend6	0.00167890129239721	0.000981853718179754	0.00214397665776218
minversion1_pesos_rank_tend6	0.00167824867957686	0.00123948653560279	0.00271159653152221
Master_madelantopesos_rank_tend6	0.00167713487331546	0.00142165847673992	0.00252266372260064
vm_status02	0.00167619833150016	0.00133081448465134	8.78948284982963e-05
mprestamos_prendarios_rank	0.0016687200884897	0.000779636631141317	0.00264177353692076
mcuenta_corriente_adicional_rank_tend6	0.00166502903604399	0.000935505216761256	0.00268038154570038
minversion2_rank_tend6	0.0016626271088622	0.0007935358010566	0.00262123736203798
mactivos_margen_rank_delta1	0.00165494534951614	0.00136720621022915	0.00239698233231803
Master_mpagospesos_rank_tend6	0.00165079947810495	0.000916927545797525	0.00255552160241308
mtransferencias_emitidas_rank	0.00165064496375463	0.00202365449841132	0.00243969757607421
Visa_mlimitecompra_rank_tend6	0.00165010373644506	0.000931026476547785	0.00243394744710703
mcomisiones_mantenimiento_rank_lag1	0.00164935390164239	0.00204896332642128	0.00222529991029799
mcuenta_debitos_automaticos_rank_lag1	0.00164915889617335	0.00122497062975508	0.00235015985358529
Visa_msaldodolares_rank_tend6	0.00164632719717571	0.00101490068509292	0.00254402134447873
vm_mlimitecompra_rank_delta1	0.00164573141947352	0.000787429095282448	0.00242080429518205
vm_mpagosdolares_rank_tend6	0.00164467196533181	0.000909371916576613	0.002682024439691
mcuenta_corriente_adicional_rank_lag1	0.0016405711050462	0.00140099829979395	0.00260480842213175
Master_msaldototal_rank_tend6	0.00163994388720777	0.000972413870095025	0.00239780377931334
mtarjeta_master_consumo_rank	0.00163970857581255	0.00210016136669847	0.00223680016823234
mrentabilidad_rank	0.00163526136683416	0.0016220240556429	0.00204047433635297
mplazo_fijo_dolares_rank_lag1	0.00162958342550378	0.00127656651571084	0.0025054133356991
Master_mconsumototal_rank_tend6	0.00162622640668222	0.0010355720160505	0.00250048465372723
mpagomiscuentas_rank	0.00162600313905432	0.00381806822472928	0.00247419834987728
mforex_buy_rank_tend6	0.00162535075405699	0.00123270452088702	0.00290545802241565
mcheques_depositados_rechazados_rank	0.00161682464938427	0.0010852070787777	0.0025859151412396
mprestamos_hipotecarios_rank_tend6	0.00161572545341303	0.00127467079607857	0.00282577766387046
vm_madelantopesos_rank	0.00161032985866233	0.000948052815211991	0.00261466578607549
cliente_antiguedad_lag1	0.00161025944159393	0.00240991809405204	0.00221297820536832
minversion1_pesos_rank	0.00160913698978421	0.00117323557872174	0.00264259498391607
mcheques_depositados_rank_tend6	0.001603352150581	0.00143869646065459	0.00269598903861129
mcaja_ahorro_adicional_rank_lag1	0.0016003919609772	0.00135592985124221	0.00253005674555844
Visa_fechaalta_lag1	0.00159721588029075	0.00133271858424052	0.00179732602574086
Master_msaldopesos_rank_tend6	0.00159274885309625	0.00114801578052988	0.00237233892245869
minversion2_rank_lag1	0.00159253845095938	0.000742077606461845	0.00253991410950217
mcheques_emitidos_rechazados_rank_tend6	0.00159218133887152	0.00127368329039731	0.00273541849438623
mpasivos_margen_rank_tend6	0.00158985149081232	0.00119258917590286	0.00236741024048682
Master_mpagominimo_rank_tend6	0.00158524335938107	0.000959557282405404	0.00252184227560532
ctrx_quarter_normalizado_tend6	0.00158159268294997	0.00240780752966235	0.00189343532419227
chomebanking_transacciones_delta1	0.0015797267022035	0.00274005513668707	0.00184743429245485
vm_fechaalta_lag1	0.00157455790072627	0.00153973432357171	0.00174228907705501
vm_mpagospesos_rank_tend6	0.00157251188175589	0.0023941086407173	0.00230415882184786
mpayroll2_rank	0.00156851678669398	0.0012602223055394	0.00279866991302519
minversion1_pesos_rank_lag1	0.00156418561485195	0.000986976010187784	0.00259905829316458
mcajeros_propios_descuentos_rank_lag1	0.001559621687036	0.000735845345816006	0.00252923529856313
vm_msaldodolares_rank	0.00155242001338836	0.00141571697170258	0.00249719886574599
vm_madelantopesos_rank_tend6	0.00155088018639452	0.00116331752406128	0.00271406087250814
mtarjeta_master_descuentos_rank	0.00154699137904997	0.00147841219727959	0.00253827121551155
mplazo_fijo_dolares_rank_delta1	0.00154428705709469	0.00121123640050897	0.00242080429518205
mtarjeta_visa_descuentos_rank_lag1	0.00154128528542172	0.000904772129330346	0.00253087819255375
minversion2_rank	0.00154072956529762	0.00107200908008486	0.00272884691842374
mforex_sell_rank	0.00153953541975103	0.001030069302895	0.00268120299269569
mcuenta_debitos_automaticos_rank_delta1	0.001538152080681	0.000797248757690185	0.0023509813005806
vm_mconsumosdolares_rank_tend6	0.00153790813576887	0.000945394057158134	0.00260316552814113
mcomisiones_rank_lag1	0.00153787650026644	0.00121387114565181	0.00154349890418971
mcuenta_corriente_rank_delta1	0.00152907069332001	0.00108366664042216	0.00236823168748213
thomebanking_tend6	0.00152763394365815	0.00531008704473866	0.00180061181372211
vm_mfinanciacion_limite_rank_tend6	0.0015270814161214	0.00175011912344258	0.00259659395217864
vm_msaldopesos_rank	0.00152111355369399	0.00079790886712375	0.000922484975734456
Master_madelantodolares_rank_delta1	0.0015143773395026	0.000706251354597279	0.00239287509734147
Visa_mpagado_rank_tend6	0.00150659839370583	0.00154796338346803	0.00242901876513516
mtransferencias_emitidas_rank_delta1	0.00150533548736668	0.000751593423190456	0.00223433582724641
mtarjeta_master_consumo_rank_delta1	0.00150493734680446	0.000712061496585899	0.00225158621414795
Visa_cconsumos_tend6	0.00150395942417196	0.00103394679564812	0.00182361232959082
mtarjeta_master_descuentos_rank_tend6	0.00149703143566618	0.000872085298289639	0.00267380996973789
mttarjeta_master_debitos_automaticos_rank_tend6	0.00149414977042291	0.0015976118830227	0.00257441488330524
mpagodeservicios_rank_lag1	0.00148729455860697	0.000861999095459244	0.00266888128776603
mautoservicio_rank_delta1	0.00148684759871835	0.000912652525226264	0.00236987458147276
Master_mconsumosdolares_rank_tend6	0.00148665565932041	0.00150416062627067	0.00260973710410362
minversion1_dolares_rank_tend6	0.001483281490841	0.000983765388626563	0.00258345080025366
Master_mpagado_rank_tend6	0.00147283890946445	0.000887499622207703	0.00241505416621487
minversion1_dolares_rank	0.00146610129894891	0.000927257634270508	0.00264588077189731
ctransferencias_recibidas_tend6	0.00146246597133354	0.0014438864280388	0.00195504384884061
mtarjeta_master_descuentos_rank_lag1	0.00146244999127466	0.00080832185937737	0.00240191101428989
mcheques_depositados_rechazados_rank_lag1	0.00146176179410734	0.000751444346646604	0.0024388761290789
vm_madelantopesos_rank_lag1	0.0014603970622097	0.000885481208447656	0.00246023375095699
mcheques_depositados_rank_lag1	0.00145973789273546	0.00117793034844516	0.00257934356527711
vm_Fvencimiento_lag1	0.00145918264152925	0.0015006220305337	0.0022039422884199
Visa_mfinanciacion_limite_rank_delta1	0.00145881883437464	0.00111254847978525	0.00235344564156653
mtarjeta_visa_descuentos_rank	0.00145454932558452	0.00121350791786421	0.00257770067128648
mrentabilidad_rank_lag1	0.00145382145788529	0.00145625923214688	0.00204786735931077
mcajeros_propios_descuentos_rank	0.00145137643954437	0.000783965427918841	0.00245776940997105
mcheques_emitidos_rank	0.0014484696559691	0.00101710137736404	0.0025785221182818
Visa_madelantopesos_rank_tend6	0.00144637814529695	0.000732358127883831	0.00217026296161214
thomebanking	0.00144229413804703	0.00321216419570303	0.000554476721835047
ccajas_consultas_tend6	0.00144181999819652	0.00635936997063792	0.00118370512024341
vm_mfinanciacion_limite_rank_delta1	0.0014406966993911	0.000711472009961633	0.00246434098593354
mcuenta_corriente_adicional_rank	0.00143852095995701	0.00131029387733259	0.00262780893800047
mplazo_fijo_pesos_rank	0.00143541743939325	0.00244986682237564	0.00253580687452561
cproductos	0.00143513565373779	0.00298781931229903	0.000966021666485948
vm_fechaalta	0.00143456632500448	0.00132134851421816	0.00161578623977709
mforex_sell_rank_lag1	0.00143379950330287	0.00101446521629745	0.00242819731813985
mcheques_depositados_rank	0.00143176926570625	0.00115919103100221	0.00253909266250686
mpayroll_rank_lag1	0.00143072157421827	0.00220768213766235	0.00205772472325451
vm_mpagominimo_rank_tend6	0.00143028161838205	0.000962207804984363	0.00214233376377156
mpayroll_sobre_edad_rank_lag1	0.00142721866358872	0.001579817853616	0.00216862006762152
mttarjeta_master_debitos_automaticos_rank	0.0014244652651703	0.000709494108958803	0.00237644615743525
Visa_mconsumospesos_rank_tend6	0.00142429263303587	0.000805931115462732	0.00207415366316073
mcaja_ahorro_rank_lag1	0.00142404437238108	0.00225769900856437	0.00167575187043481
Master_mlimitecompra_rank_tend6	0.00142384650027425	0.000872598440616781	0.00250130610072255
minversion1_dolares_rank_lag1	0.0014205540554099	0.000934251401828566	0.0026228802560286
mpagodeservicios_rank	0.00141891761013887	0.00113345832165444	0.00264341643091138
vm_msaldototal_rank_tend6	0.00141604303531858	0.000841130777721387	0.00182443377658613
Visa_mpagospesos_rank_tend6	0.00141547216025638	0.00186198969886907	0.00215629836269185
Visa_madelantodolares_rank_tend6	0.00141492055720348	0.00126135296400187	0.00225897923710575
mcaja_ahorro_dolares_rank_delta1	0.00141469716300463	0.000792816916339027	0.00233290946668375
mpasivos_margen_rank_delta1	0.00141425471621347	0.00108330471297271	0.00203554565438111
mcuenta_corriente_adicional_rank_delta1	0.00141353032845846	0.000893652128780847	0.00236330300551027
mcomisiones_otras_rank_lag1	0.00141260231250649	0.00130003282236673	0.00136360201221656
mcheques_emitidos_rechazados_rank	0.00140965989523189	0.000941258028286026	0.00249637741875068
minversion1_pesos_rank_delta1	0.00140911605445963	0.000654742215643771	0.00228855132893695
mcheques_emitidos_rank_lag1	0.00140834028631337	0.00135439637691983	0.00255141436743653
mcheques_emitidos_rechazados_rank_delta1	0.00140401484458427	0.000852626287029824	0.00234030248964155
mprestamos_hipotecarios_rank	0.00140353665452189	0.00130366449341825	0.0025859151412396
Master_msaldototal_rank_delta1	0.00140153461551639	0.00109811154780734	0.0022852655409557
mforex_buy_rank	0.00140071206590188	0.000895392501349782	0.00250212754771786
mpayroll2_rank_lag1	0.00139998720743959	0.00101392132819735	0.00252266372260064
mpayroll_sobre_edad_rank_delta1	0.00139947065501146	0.000973601483368098	0.00230826605682442
vm_mconsumospesos_rank_tend6	0.00139760132997144	0.00102545798598388	0.00233126657269313
matm_other_rank_lag1	0.00139579089175781	0.000806423539068816	0.0023953394383274
mcheques_emitidos_rechazados_rank_lag1	0.00139344916899015	0.000990700091936582	0.00246598387992416
minversion2_rank_delta1	0.001389478878723	0.000657456425895273	0.00224501463818546
vm_madelantodolares_rank	0.00138876213511861	0.00157765238606032	0.00253087819255375
Master_msaldodolares_rank	0.00138794014447486	0.00103354250607165	0.00195586529583592
mcheques_emitidos_rank_delta1	0.00138137735605858	0.000835964360905746	0.0022630864720823
mtarjeta_visa_consumo_rank_delta1	0.00138000344835978	0.000843215306451842	0.00217108440860745
Visa_mconsumosdolares_rank_tend6	0.00137470619134503	0.000878120687740815	0.00212836916485127
mv_status07_rank_tend6	0.00137336924631028	0.000882253249044545	0.00241176837823363
Master_mfinanciacion_limite_rank_delta1	0.00137002221458208	0.000769636973038358	0.00239451799133209
mprestamos_hipotecarios_rank_delta1	0.00136612599087086	0.000691679592002271	0.00227376528302135
Master_mlimitecompra_rank_delta1	0.00136469505011305	0.000663781993026884	0.00243066165912578
vm_madelantodolares_rank_lag1	0.00136395317024385	0.000758766146173224	0.0023509813005806
mpagomiscuentas_rank_lag1	0.00136130084979426	0.00173533904667726	0.00217026296161214
vm_mconsumosdolares_rank	0.001359211623832	0.000992185078094475	0.00230826605682442
vm_msaldopesos_rank_tend6	0.0013577500778124	0.00108247711998648	0.00183839837550642
mtransferencias_recibidas_rank_delta1	0.00135710003619149	0.000649742415488694	0.00227458673001666
Master_mconsumospesos_rank_delta1	0.00135641392786976	0.000584802170558131	0.00227540817701197
mprestamos_prendarios_rank_lag1	0.00135599087788902	0.000919665797856448	0.00250705622968972
vm_mconsumototal_rank_tend6	0.00135256668878923	0.00101143652649046	0.00212836916485127
Master_mpagosdolares_rank	0.00135196289894045	0.00241322710786599	0.002138226528795
matm_rank	0.00135180388383857	0.000833028601931291	0.00232223065574471
vm_mconsumosdolares_rank_lag1	0.00134975744123164	0.00125144704583073	0.00229430145790413
matm_other_rank	0.00134848430319582	0.0010209177253281	0.0024832342668257
mforex_buy_rank_delta1	0.00134676389026125	0.000896695497960634	0.00245284072799919
mextraccion_autoservicio_rank_delta1	0.00134412138252493	0.000759618041034497	0.00232798078471189
Visa_msaldodolares_rank_delta1	0.00134344327957908	0.000632977733755014	0.00217765598456994
mttarjeta_master_debitos_automaticos_rank_lag1	0.00134239618304665	0.000799745291336756	0.00236987458147276
vm_msaldodolares_rank_delta1	0.00134112589869714	0.000944780962172495	0.00231648052677753
Visa_mpagosdolares_rank_tend6	0.00134085842031403	0.000748584989762078	0.00222037122832612
ccaja_seguridad	0.00134059416234734	0.0072665823434215	0.000372115488875965
mplazo_fijo_pesos_rank_lag1	0.00133997059697547	0.00152391120223827	0.00246598387992416
mcaja_ahorro_rank_delta1	0.00133951907492416	0.000835483987099776	0.00213165495283251
vm_mpagado_rank	0.00133923654976835	0.000831046684328423	0.00232305210274002
mforex_sell_rank_delta1	0.00133811609613994	0.000646075288550505	0.00236330300551027
vm_mpagosdolares_rank	0.00133747919229202	0.000825849348361411	0.00242080429518205
mforex_buy_rank_lag1	0.00133478906651545	0.000923276663497703	0.00244462625804607
vm_mconsumosdolares_rank_delta1	0.00133456669814825	0.000962369538152795	0.00229430145790413
vm_madelantodolares_rank_delta1	0.00132775281128232	0.000766558697003565	0.00231565907978222
mtransferencias_emitidas_rank_lag1	0.00132712619211103	0.00103746123399207	0.00205361748827795
matm_other_rank_delta1	0.00132618961906566	0.0010407325091035	0.00231155184480566
mpayroll_rank_delta1	0.00132534053252549	0.00107071342316041	0.00226801515405417
Visa_mpagosdolares_rank_delta1	0.00132422267782597	0.000658513254047688	0.00203883144236235
mtransferencias_recibidas_rank_lag1	0.00132319092266852	0.00141005240979303	0.00186550612635169
vm_madelantopesos_rank_delta1	0.00131944032216169	0.000792033592642429	0.00241587561321018
mpagomiscuentas_rank_delta1	0.00131847567314624	0.000723847125781964	0.00223105003926517
Visa_mlimitecompra_rank_delta1	0.00131827287556518	0.00132907171368094	0.00225322910813857
vm_mpagosdolares_rank_lag1	0.00131587529285372	0.00113656985744925	0.00231648052677753
Master_mpagospesos_rank_delta1	0.00131449955303584	0.000770723824553646	0.00228444409396039
mttarjeta_visa_debitos_automaticos_rank	0.00131214567963844	0.00108885981530712	0.00206922498118886
mv_status07_rank	0.00130913837152897	0.000809352883041772	0.00205526038226857
ctransferencias_emitidas_tend6	0.00130788691222782	0.00100305931473518	0.00130692216954009
vm_cconsumos_tend6	0.00130609806190291	0.00156509692778793	0.00114674000545441
vm_mpagado_rank_lag1	0.00130260838757921	0.000957053987000496	0.00234276683062749
ctarjeta_visa_transacciones	0.00129628598660363	0.00137208068668376	0.000757374129676908
Master_mconsumospesos_rank	0.00128957682501594	0.000768347875597421	0.00205854617024982
rf_004_016	0.00128884024780213	0.00280043457561921	0.000295720918312025
vm_mpagominimo_rank	0.0012870235946545	0.00172966194372875	0.00135538754226345
mttarjeta_visa_debitos_automaticos_rank_lag1	0.00128630054075374	0.000954063700513296	0.00184825573945016
Master_mconsumosdolares_rank_delta1	0.00128489754385697	0.000650306097624947	0.00223269293325579
mextraccion_autoservicio_rank	0.00128380651477421	0.001428445172673	0.00212590482386534
Master_fultimo_cierre_tend6	0.00128332631434284	0.0027051709075652	0.00159196427691307
Master_mpagosdolares_rank_delta1	0.00128176368751212	0.000661395814743944	0.00221051386438239
mrentabilidad_rank_delta1	0.00127948716724512	0.000825628839908972	0.00210701154297318
mpagodeservicios_rank_delta1	0.00127624001607332	0.000884830201381083	0.00244709059903201
Master_msaldodolares_rank_lag1	0.00127544863679594	0.00078962357482689	0.00178582576780651
Visa_mpagominimo_rank_delta1	0.00127470120430577	0.00151800408392068	0.00203800999536704
vm_msaldodolares_rank_lag1	0.00127365104574006	0.000704487431459777	0.00221954978133081
Master_mconsumosdolares_rank	0.00127043759787548	0.000691850427537695	0.00206018906424044
Master_mconsumosdolares_rank_lag1	0.00126987611508197	0.000701540345095287	0.00205279604128264
mcajeros_propios_descuentos_rank_delta1	0.0012681523212322	0.000593533854490856	0.00222283556931205
Visa_mpagominimo_rank_tend6	0.00126775921057849	0.00246648101164171	0.00218751334851367
Master_mpagosdolares_rank_lag1	0.00126391027014393	0.000829121259193714	0.00198708028165775
ccomisiones_otras	0.0012635784555815	0.00236052697476024	0.00100545112226089
Visa_fechaalta_tend6	0.0012627038896931	0.00080848191655442	0.000838697382212715
Visa_msaldopesos_rank_tend6	0.00125972802530644	0.000919342504898003	0.00169135936334572
ccomisiones_otras_tend6	0.00125724129450052	0.0011344669506064	0.00192711465100003
Master_mpagado_rank_delta1	0.00125642205990492	0.000742811690687474	0.00204293867733891
mautoservicio_rank	0.00125640161165486	0.0020586462510493	0.001829362458558
mcaja_ahorro_adicional_rank_delta1	0.00125395615240289	0.000835984703973564	0.00233865959565093
Master_mconsumototal_rank_delta1	0.00124824435884082	0.000731374696595417	0.00229512290489944
vm_mpagosdolares_rank_delta1	0.00124392347859265	0.000577910985231256	0.00230087303386662
mttarjeta_master_debitos_automaticos_rank_delta1	0.00123954312605832	0.000721384949958739	0.00211440456593098
vm_mpagado_rank_delta1	0.00123936455306709	0.000690963712510626	0.0022704794950401
Master_madelantodolares_rank_lag1	0.0012378135755695	0.000607994019176898	0.0020207596084655
mttarjeta_visa_debitos_automaticos_rank_delta1	0.0012362359404396	0.00292877407809314	0.00223680016823234
Master_mpagominimo_rank_delta1	0.0012362185482374	0.000721718038797852	0.00211194022494505
vm_mpagominimo_rank_delta1	0.00123085866847369	0.000670347718165077	0.00213001205884189
matm_rank_delta1	0.00123084505357628	0.000749322714934504	0.00223844306222297
mcomisiones_rank	0.00122238183263759	0.00114982400185342	0.00150489089541008
Master_madelantopesos_rank	0.0012217491744693	0.00074196583517446	0.00203636710137642
Master_mpagado_rank	0.00122135679203077	0.000911835248255964	0.00179486168475493
mv_status07_rank_lag1	0.00122134579385833	0.000648618460991761	0.00182689811757207
Visa_msaldodolares_rank	0.00122119168058006	0.000589443973174579	0.00176036091095186
mextraccion_autoservicio_rank_lag1	0.00122042303481353	0.000916555677985384	0.00200433066855928
Master_mconsumospesos_rank_lag1	0.00121829280393963	0.000750232113638046	0.00192547175700941
Master_madelantodolares_rank	0.00121660970987981	0.000799565786880386	0.00206922498118886
mv_status07_rank_delta1	0.00120728073857021	0.000956006492386298	0.00204376012433422
mplazo_fijo_pesos_rank_delta1	0.00120395590499755	0.00102486532075526	0.0022926585639135
Master_mconsumototal_rank	0.00120383668912196	0.000658224723462232	0.0020059735625499
mcheques_depositados_rechazados_rank_delta1	0.00120297338059193	0.000862713125581088	0.00225322910813857
Master_mconsumototal_rank_lag1	0.00120003473634793	0.000651434617753577	0.00195668674283123
cpagomiscuentas_tend6	0.00119907481139847	0.00266109753555234	0.00124202785691051
mautoservicio_rank_lag1	0.00119824423090168	0.00103702099729007	0.00183839837550642
Master_msaldopesos_rank_delta1	0.0011977623857883	0.000701205493575581	0.00212179758888878
Visa_mpagado_rank_lag1	0.00119231871279972	0.000572864632970705	0.00177678985085808
mpayroll2_rank_delta1	0.00119090737545289	0.000861962050270406	0.00229758724588537
matm_rank_lag1	0.00118624934437945	0.000803043642377941	0.00193450767395783
Visa_mconsumosdolares_rank_delta1	0.00118613800636134	0.00061652992997828	0.00199775909259679
chomebanking_transacciones_lag1	0.00118410309137682	0.00107669489192331	0.00147942603855544
Visa_mpagado_rank	0.00118350312613602	0.00079836392768056	0.00184004126949704
vm_msaldototal_rank	0.00118153928935109	0.00101315412869371	0.000902770247846987
Visa_mpagospesos_rank_delta1	0.00118047177375144	0.00119168379379936	0.00223597872123703
Master_madelantopesos_rank_delta1	0.00117280330686752	0.000773706973629268	0.00228444409396039
vmr_mpagospesos_tend6	0.00116919251775428	0.0010172092187406	0.00124695653888237
mprestamos_prendarios_rank_delta1	0.00116860387583845	0.000813723579603864	0.00227622962400728
vm_mpagospesos_rank_delta1	0.00116813943707818	0.00124360999453953	0.00225322910813857
Master_mpagospesos_rank_lag1	0.00116629682425228	0.000581991677491332	0.00187207770231418
rf_004_028	0.00116502634852166	0.000762625260813943	0.000156896376104435
mcomisiones_otras_rank_delta1	0.0011649803816294	0.00203018300498225	0.00154349890418971
rf_020_024	0.00116153041206235	0.00089587689175579	0.000148681906151324
vm_status05_delta1	0.00115928381181042	0.000739356894519634	0.000123217049296677
Visa_mconsumototal_rank_tend6	0.00115262506821334	0.00062716892100094	0.00192218596902816
Master_msaldodolares_rank_delta1	0.00114975437897847	0.000615852511599228	0.0020495102533014
Master_mpagominimo_rank_lag1	0.00114390431139897	0.000492729965750051	0.00146463999263983
Visa_madelantodolares_rank_lag1	0.00113944998101563	0.00234601236925066	0.00154760613916626
Master_mpagado_rank_lag1	0.00113888847774197	0.0010505729769215	0.00174968210001281
Visa_Fvencimiento_tend6	0.00113788508552468	0.00142572229350055	0.000976700477424994
mtarjeta_visa_descuentos_rank_delta1	0.00113289297547151	0.000892962400534053	0.00225815779011044
minversion1_dolares_rank_delta1	0.00113163170750076	0.000664724709283259	0.00221626399334957
vm_mconsumototal_rank_delta1	0.00113116632139131	0.000677045210901636	0.00190739992311256
mtarjeta_master_consumo_rank_lag1	0.00113081223589303	0.000787021193655579	0.00197968725869995
vm_msaldopesos_rank_delta1	0.0011264032047286	0.000782048758394286	0.00181539785963771
mtarjeta_master_descuentos_rank_delta1	0.00112473866958859	0.000622725607777731	0.00226719370705886
Visa_mpagado_rank_delta1	0.00112278604603518	0.000921994067747475	0.00203390276039048
ccomisiones_mantenimiento_delta1	0.00112213757915632	0.00465856036304465	0.000354043654979119
Master_Fvencimiento_tend6	0.00112124915421455	0.00063934407371147	0.000961092984514081
Visa_mconsumospesos_rank_delta1	0.00111446164274019	0.00046921502644766	0.00176446814592842
Master_mlimitecompra_rank_lag1	0.00111314946142273	0.000738124202857646	0.00130692216954009
Visa_madelantodolares_rank_delta1	0.0011047055328172	0.000624282892736306	0.00194025780292501
mcheques_depositados_rank_delta1	0.00109204959424752	0.000658194642306553	0.00222940714527454
mpasivos_margen_rank_lag1	0.00109133386121626	0.000982759504832902	0.00143588934780394
vm_mconsumospesos_rank_delta1	0.00107560207709805	0.000627863243775834	0.00204540301832484
ccajas_transacciones_tend6	0.00106944799728851	0.00125145305628258	0.00100298678127495
Master_mpagominimo_rank	0.0010643953591494	0.000524602669528402	0.00154432035118502
Master_mpagospesos_rank	0.00106434937151328	0.000763615858410338	0.00181375496564709
ccomisiones_mantenimiento	0.00105519065109766	0.00162270962280764	0.000374579829861898
Visa_msaldototal_rank_tend6	0.00105474795841391	0.000887933068254957	0.00178007563883933
Visa_msaldodolares_rank_lag1	0.00105268868023915	0.000587638843766184	0.00171435987921443
cmobile_app_trx_tend6	0.00104597247408612	0.000986042771951643	0.00145396118170079
mcomisiones_rank_delta1	0.00104319740301417	0.00160886469144107	0.00163714386165518
Visa_madelantopesos_rank_delta1	0.00103529798972849	0.000580229632620035	0.00188275651325323
Master_madelantopesos_rank_lag1	0.00103173809820335	0.000640202556952662	0.00181293351865178
vmr_Master_mlimitecompra	0.00103114502090677	0.00123992388266447	0.00140549580897743
Visa_msaldototal_rank_delta1	0.00102831682743595	0.000686949828734634	0.00178829010879244
vm_mpagominimo_rank_lag1	0.00102415179934616	0.000968383110819593	0.00123792062193395
Visa_msaldopesos_rank_delta1	0.00101897175792572	0.000457319388644802	0.00170778830325194
vmr_msaldopesos2_tend6	0.00101163075625414	0.00125479824839327	0.00145724696968203
ctrx_quarter_normalizado_delta1	0.00100237871942169	0.00115623302179733	0.00127324284273233
Master_mfinanciacion_limite_rank_lag1	0.000998351706427125	0.000822789132578588	0.00121409865906992
Visa_fultimo_cierre	0.000994835693411631	0.000598279597469435	0.00156896376104435
Visa_mconsumototal_rank_delta1	0.000992640778112001	0.00072388194594776	0.00186222033837045
Master_fultimo_cierre	0.000989015412575849	0.000704988899640047	0.00151639115334444
ccuenta_debitos_automaticos_tend6	0.000985850556611204	0.00267186716721364	0.00101777282719055
Visa_mfinanciacion_limite_rank	0.000980591853628518	0.00063815501561824	0.00125927824381204
Visa_madelantopesos_rank	0.00098011833068662	0.000425381147824106	0.0014547826286961
Visa_madelantodolares_rank	0.00097998354655069	0.00106759428761156	0.00142438908986959
cprestamos_personales_lag1	0.000973093333679201	0.0036846034539178	0.00050108266713982
ctarjeta_visa_transacciones_delta1	0.000970879295347484	0.00511784921494256	0.000995593758317151
Master_mfinanciacion_limite_rank	0.000968762453446742	0.000842646451859426	0.00132581545043225
Master_msaldopesos_rank	0.000962230533893026	0.000835377532750571	0.0014473896057383
Master_fechaalta_tend6	0.000960303719561903	0.000857932042301455	0.000836233041226782
ccomisiones_otras_lag1	0.000957432135018199	0.00253829891838247	0.00107363122287171
Visa_fultimo_cierre_tend6	0.00095481022902752	0.000829619866630072	0.00135292320127751
Visa_mconsumosdolares_rank	0.000948102930650279	0.000763618025640574	0.0014399965827805
Visa_mlimitecompra_rank	0.000947292595592706	0.000614102545424448	0.00121902734104179
Master_msaldopesos_rank_lag1	0.000937339598488951	0.000854696107491075	0.00142274619587896
Visa_mpagominimo_rank	0.000936633613515129	0.00048600970264781	0.000986557841368728
Master_mlimitecompra_rank	0.000934138409048351	0.000760450604202063	0.00124942087986831
vm_fultimo_cierre	0.000929329648922963	0.000826113201418576	0.00142110330188834
ctarjeta_debito_transacciones_tend6	0.000928861631060519	0.000816115594960241	0.00126256403179328
catm_trx_tend6	0.00091844485846087	0.0011631223577544	0.00108595292780138
vmr_mpagominimo_tend6	0.000912370766345772	0.00109737705903207	0.00116481183935125
vm_status06	0.000911988666020921	3.42952048400514e-05	3.28578798124472e-05
cpayroll_trx_tend6	0.000907822331569976	0.00184259859415666	0.000763124258644087
Visa_mpagosdolares_rank	0.000905662226745711	0.000605418251592889	0.00141453172592585
vmr_mpagado_tend6	0.000902221565858516	0.000944217684585886	0.00122067023503241
vm_mlimitecompra_rank_lag1	0.00090202817433175	0.000578598546247814	0.00108266713982014
vm_msaldototal_rank_delta1	0.000900018376725932	0.000654611141559081	0.00172257434916755
Master_msaldototal_rank	0.000895398779872601	0.000658634792319338	0.00142438908986959
Visa_mconsumosdolares_rank_lag1	0.000893809748330728	0.000645922195406615	0.00138578108108996
tcallcenter	0.000891176063202975	0.00205831027256988	0.000248898439579288
Visa_mpagominimo_rank_lag1	0.00089077046969934	0.000832893540142967	0.00114920434644034
vm_mlimitecompra_rank	0.000885274794117003	0.000666758900479425	0.00112045370160445
Visa_mfinanciacion_limite_rank_lag1	0.000881509285187831	0.000633126001199578	0.00119684827216839
vm_status01	0.000879082726688859	0.00651487862266022	0.000239041075635554
cproductos_lag1	0.000875588662086037	0.00100563687389619	0.000809946737376824
vmr_msaldopesos_tend6	0.000872881108581527	0.000518040614233409	0.000898663012870432
Master_msaldototal_rank_lag1	0.000868461868984263	0.000407533717864385	0.00133978004935254
vmr_Visa_mlimitecompra	0.000867073323904636	0.000715560157493722	0.00114838289944503
Master_fultimo_cierre_lag1	0.0008634923085133	0.000803570308221758	0.00137838805813216
vmr_Master_mlimitecompra_lag1	0.000859576260856463	0.00124291405356606	0.00130281493456353
Visa_madelantopesos_rank_lag1	0.000853355763986304	0.000419196132797418	0.00131760098047913
vm_fechaalta_tend6	0.000848487525286551	0.000673838981593694	0.000699051393009815
Visa_cconsumos_lag1	0.000842160283523412	0.000890267608665468	0.000922484975734456
Visa_fultimo_cierre_lag1	0.000830754725880838	0.000762412958939998	0.00133978004935254
vm_mfinanciacion_limite_rank	0.000828252359535238	0.000465996689546798	0.00106377385892798
vm_Fvencimiento_tend6	0.000827000175421852	0.00118791483593647	0.00101037980423275
rf_007_015	0.000821680284991878	8.0308536878409e-05	0.000175789656996593
vm_mfinanciacion_limite_rank_lag1	0.000819979914841952	0.000469316683993943	0.00106295241193267
Visa_mpagosdolares_rank_lag1	0.000819767754919308	0.000563243806713046	0.00133074413240411
Visa_mconsumospesos_rank_lag1	0.000819529840721475	0.000827496587822993	0.00123874206892926
vm_mconsumospesos_rank	0.000815162578606164	0.000630525873947713	0.0012272418109949
cprestamos_personales_tend6	0.000811918743121353	0.00198077737969607	0.000729444931836328
rf_011_022	0.000797168516202586	0.000330227892926531	0.000142931777184145
vm_fultimo_cierre_lag1	0.000795235901328253	0.000689100183471464	0.00132910123841349
Visa_msaldototal_rank	0.000792216003150901	0.000444316469569628	0.000738480848784751
vmr_Master_mlimitecompra_tend6	0.000789425168087136	0.00211290086616252	0.00117138341531374
ccallcenter_transacciones_delta1	0.000789233185294893	0.00142668333007652	0.000561048297797536
vmr_mconsumospesos_tend6	0.000780605301694884	0.000603538829531995	0.00105966662395142
Visa_cconsumos	0.000766728382845041	0.000535394175766889	0.000827197124278359
cextraccion_autoservicio_tend6	0.000758741479881731	0.00133753922669607	0.000992307970335906
vmr_Visa_mlimitecompra_tend6	0.000757494133098267	0.00344654991458448	0.00106213096493736
rf_010_028	0.000753592274605237	0.000461822633008144	8.05018055404957e-05
ccajas_consultas	0.000753150467578255	0.0036371835894561	0.000386080087796255
vmr_mpagominimo	0.000745300271217775	0.000774633132246637	0.000882234072964208
Visa_cconsumos_delta1	0.000743974528881455	0.000946452070063078	0.000815696866344002
Visa_msaldopesos_rank	0.000742650480743618	0.000422668180117939	0.000785303327517489
vmr_mpagominimo_lag1	0.000738826148858587	0.000468356398724453	0.000830482912259604
vmr_Visa_mlimitecompra_lag1	0.000737785621521304	0.000510043852522005	0.00103091597911553
ccaja_ahorro	0.000731037435170827	0.00224965081125536	0.000501904114135131
rf_013_024	0.000730006603663104	0.000583032959378852	0.000137181648216967
vm_mconsumospesos_rank_lag1	0.000727814933512745	0.000691016506239181	0.00117138341531374
vmr_mpagospesos_lag1	0.000721713756868452	0.000614325972413606	0.000789410562494045
vmr_msaldopesos2	0.000714268345165146	0.000817558103405503	0.000999700993293707
Visa_mconsumospesos_rank	0.000694199597233508	0.000572296009549514	0.00107609556385765
vm_mconsumototal_rank	0.000688454320556998	0.000567979060297281	0.00103009453212022
active_quarter_tend6	0.000687353354032127	0.00131719298027392	0.000794339244465912
Visa_mlimitecompra_rank_lag1	0.000676099589082498	0.000532392041754397	0.00110402476169823
cplazo_fijo_tend6	0.000675497761879515	0.00469363305450786	0.000592263283619361
Master_cconsumos_tend6	0.000670242790953475	0.00127416779638893	0.000952878514560969
vm_mpagospesos_rank	0.000651655901205212	0.000500849912828085	0.000867448027048607
Visa_status	0.000651380006925245	0.000560000445527056	5.42155016905379e-05
vmr_msaldopesos2_lag1	0.000641065171214092	0.00056651600650938	0.000959450090523459
rf_008_014	0.000639681515616081	0.00286446718452683	0.000214397665776218
vm_mpagospesos_rank_lag1	0.000632545725724906	0.000809980830778631	0.000967664560476571
ccajas_transacciones	0.000627912287993257	0.000185317256827223	0.000163467952066925
vmr_msaldototal_tend6	0.000624617097789648	0.000637611243103758	0.000868269474043918
internet_lag1	0.000622117497300556	0.00180125258025874	0.000407437709674346
vmr_mpagospesos_delta1	0.00061887014415009	0.000561223399101182	0.000886341307940764
ccallcenter_transacciones	0.00061178087795358	0.00151544470059726	0.000451795847421149
vmr_msaldopesos	0.000608827995017584	0.000578443661526929	0.000561869744792848
Visa_mpagospesos_rank_lag1	0.000607178991850319	0.000556419603248673	0.000892091436907942
vm_msaldopesos_rank_lag1	0.000606471590959078	0.000398645906665439	0.00069576560502857
Visa_mconsumototal_rank	0.000604295384042884	0.000498002634640076	0.000873198156015785
vmr_msaldopesos2_delta1	0.000598230137198515	0.000652247935916645	0.00101037980423275
ctarjeta_debito_transacciones_delta1	0.000597856201638725	0.00199611668855155	0.000805839502400268
vmr_msaldototal	0.000594256243154958	0.00046727931419343	0.000565976979769403
rf_014_013	0.000586443680157804	2.69712091867919e-05	0.000103502321409209
ctransferencias_recibidas	0.00058098807052611	0.00162301277497309	0.000781196092540933
ccomisiones_mantenimiento_lag1	0.000575515780154467	0.00465666787980953	0.000487939515214841
vmr_mpagospesos	0.000575067632612937	0.000448999045010921	0.000631692739394298
Visa_mpagospesos_rank	0.000570159079794162	0.000711348709009391	0.0009183777407579
vmr_mconsumospesos	0.00056318263183348	0.000475345774029232	0.000671122195169235
rf_009_017	0.000561257847636513	0.000271182629824237	6.40728656342721e-05
ccajas_consultas_delta1	0.000558701470500421	0.00422884484143721	0.000422223755589947
rf_008_013	0.000557660760738673	9.47360775252945e-05	0.000143753224179457
vm_cconsumos_delta1	0.00055049005086471	0.000621121770713681	0.000540512122914757
ctarjeta_visa_transacciones_lag1	0.000549869762673097	0.000325971366053286	0.000616906693478697
vm_msaldototal_rank_lag1	0.000543334451801982	0.000447522323224329	0.000727802037845706
Visa_mconsumototal_rank_lag1	0.00053922797008846	0.000431481294114742	0.000847733299161138
cprestamos_personales_delta1	0.000536055723732393	0.00100169254376258	0.000211111877794973
vmr_mconsumospesos_delta1	0.000528563515714502	0.000631841267115517	0.000756552682681597
vmr_mpagominimo_delta1	0.000516675499595476	0.000762164507665712	0.000829661465264292
rf_003_029	0.000515042881262921	0.000825784880485983	0.000123217049296677
vm_status06_delta1	0.000513961147211141	0.00432244381660213	0.000128145731268544
ccajas_extracciones_tend6	0.000513498324704092	0.00116743268973031	0.000719587567892594
ccajas_otras_tend6	0.000511672389922348	0.00300697577821786	0.000516690160050733
ctarjeta_debito	0.000510780562438566	0.00111078276507075	0.000620192481459941
mtarjeta_visa_consumo_rank_lag1	0.000502932240294364	0.000273944490244534	0.000799267926437779
Visa_msaldototal_rank_lag1	0.000500421989865578	0.000459853689890291	0.000657157596248945
Master_status	0.000497048113306328	0.00453436437361124	0.000149503353146635
catm_trx_other_tend6	0.000493880365373288	0.0010175587207367	0.000714658885920727
vm_cconsumos	0.000488683754433509	0.000338992460966041	0.000472332022303929
vm_mconsumototal_rank_lag1	0.00048823139084253	0.000466626573342668	0.000879769731978274
cmobile_app_trx	0.000485852540610518	0.00112036212498989	0.000537226334933512
ctransferencias_recibidas_lag1	0.000482558191362498	0.000608484940170018	0.000644014444323966
cplazo_fijo	0.000476832952247072	0.00795059725117737	0.000369651147890031
vmr_mconsumospesos_lag1	0.000473438668019076	0.000355584746758526	0.000552833827844425
ctarjeta_debito_tend6	0.000472035860612464	0.00609905553810613	0.000694122711037948
ctransferencias_recibidas_delta1	0.000470432011177745	0.000476663478909288	0.000662086278220812
Visa_msaldopesos_rank_lag1	0.000464274696040967	0.000451097039465244	0.000699872840005126
vmr_msaldototal_delta1	0.000459941138828864	0.000242796826117626	0.000595549071600606
vm_status01_tend6	0.000457900239356869	0.0017836710550008	0.00035486510197443
vm_cconsumos_lag1	0.000456214629693271	0.000799917456106725	0.000460831764369572
vmr_msaldototal_lag1	0.000451128206244319	0.00030271724568573	0.0005216188420226
ctarjeta_debito_transacciones	0.000440131863324293	0.00168737503404784	0.000588977495638117
Visa_delinquency_tend6	0.000439468568283214	0.00076567331121104	0.000491225303196086
ctransferencias_emitidas	0.000437952941402276	0.000953510161014549	0.000510118584088243
cmobile_app_trx_lag1	0.000435110998887543	0.00168747305064733	0.000561869744792848
internet	0.00043292224922619	0.000549865783428578	0.000365543912913475
cliente_edad_tend6	0.000431996578477124	0.000696355636856452	0.000735195060803507
vmr_mconsumototal_tend6	0.000424503385990277	0.000301954698502997	0.000533940546952267
vmr_mconsumosdolares_tend6	0.000424443822383471	0.000837734410080717	0.00069576560502857
ctransferencias_emitidas_delta1	0.00041676487507582	0.000580779068829534	0.000538047781928823
ctarjeta_master_transacciones_tend6	0.000411350676122009	0.000695286007597441	0.000562691191788159
vm_Finiciomora_tend6	0.000406530667333131	0.00147810187880616	0.000370472594885342
vmr_msaldopesos_lag1	0.000404794768222877	0.000290829063154884	0.000529833311975712
ctransferencias_emitidas_lag1	0.000401836758505972	0.000651391879973318	0.00049368964418202
ccaja_ahorro_lag1	0.00040178520817681	0.000517302022168888	0.000323650116152605
ctarjeta_visa_debitos_automaticos	0.000399040730264928	0.000879825142080634	0.000466581893336751
ctarjeta_debito_transacciones_lag1	0.000397713410328631	0.000536268783201038	0.000541333569910068
vmr_mpagado_delta1	0.000397315671041633	0.000484499374344355	0.000557762509816292
vmr_msaldopesos_delta1	0.000397201076891867	0.000278190123173791	0.000562691191788159
ctarjeta_visa_descuentos_tend6	0.00039179819718615	0.00100010303931449	0.000387722981786877
ctarjeta_visa_debitos_automaticos_lag1	0.000390128030520757	0.000530191956307744	0.000442759930472726
ccaja_ahorro_tend6	0.000386580483544027	0.00251494484535642	0.000327757351129161
thomebanking_delta1	0.000381695611524723	0.00463727316304672	0.000466581893336751
cpagomiscuentas_lag1	0.000379279890097765	0.000548615638339088	0.000434545460519615
ctarjeta_master_debitos_automaticos_tend6	0.000372986925562485	0.00121913020433595	0.000401687580707167
vm_status04	0.000371401783638002	0.000186241161525147	7.22873355873839e-05
vm_status04_delta1	0.000362746939323408	0.000626236491864087	8.21446995311181e-05
ctarjeta_visa_debitos_automaticos_delta1	0.000361929098186223	0.000315296948040365	0.000344186291035385
rf_004_019	0.000361001028750298	0.000199094715092437	6.40728656342721e-05
ccajas_depositos_tend6	0.000348889890513179	0.00370120683592909	0.000515868713055421
ccaja_seguridad_lag1	0.00034776285427517	0.000866609025343017	0.000120752708310744
ctarjeta_debito_lag1	0.000340827963152685	0.00108751650821387	0.000547905145872557
vmr_mpagado	0.000335412197387892	0.000267060297847222	0.000461653211364884
cforex_sell_tend6	0.000334667690457922	0.000588381539119953	0.000427973884557125
cdescubierto_preacordado_lag1	0.000333589077318853	0.000157655857051187	0.000227540817701197
cforex_tend6	0.000328234754282299	0.000676992532758692	0.000423866649580569
rf_007_013	0.000325381920547415	0.00240874435105248	0.000196325831879372
tcuentas_lag1	0.000321601328534511	0.00239933721369612	0.000219326347748085
vmr_mpagosdolares_tend6	0.000321132096930613	0.0004875662074035	0.00040333047469779
vmr_msaldodolares2_tend6	0.000308343885550696	0.000409319573371879	0.00041072349765559
cpagomiscuentas_delta1	0.000307655503872614	0.000879729755053835	0.000355686548969741
rf_017_015	0.000307399536989944	7.59112845218221e-05	0.000188932808921572
vmr_msaldodolares_tend6	0.000306762551776238	0.000493261832946435	0.000401687580707167
ccuenta_debitos_automaticos	0.000304829188460533	0.000475399636924705	0.000325293010143228
vm_fultimo_cierre_delta1	0.000304594151107359	0.000166201823800866	0.000463296105355506
Master_delinquency_tend6	0.000302500905819498	0.00181539881442095	0.000199611619860617
cpagomiscuentas	0.000302243829944152	0.000619126271801333	0.000369651147890031
vm_status04_tend6	0.000296750260050194	0.000264115783262612	0.000177432550987215
rf_020_017	0.000290130064859199	8.62291787126753e-05	0.000217683453757463
Master_fultimo_cierre_delta1	0.000288505773390352	0.000130087792657326	0.000473974916294551
ccajeros_propios_descuentos_tend6	0.000287349629162032	0.000262110459573192	0.000255470015541777
thomebanking_lag1	0.000285955790278161	0.000999980720839953	0.000289970789344847
rf_009_021	0.00028506091655097	0.000151731545373721	0.000119109814320121
ccajas_otras_delta1	0.000280631839677547	0.00127003477274275	0.000155253482113813
rf_018_013	0.000278759255481896	0.000646849972222561	0.000154432035118502
vmr_mpagado_lag1	0.000277070630990536	0.000299278342539622	0.000383615746810321
rf_019_023	0.000275980928174752	0.000316317048864376	6.48943126295833e-05
rf_018_015	0.000274782763324042	9.78334251861663e-05	0.000156074929109124
Visa_fultimo_cierre_delta1	0.000273937881694656	0.00014034249041449	0.000488760962210152
vm_status05_tend6	0.000271135405457386	0.000538437573843079	0.000197968725869995
vmr_mconsumosdolares	0.000267133887300082	0.000452663340101601	0.0003893658757775
rf_002_021	0.000266339220844603	0.00097535962722497	0.000143753224179457
ccomisiones_otras_delta1	0.00026103186692823	0.000449350338584019	0.000502725561130443
rf_003_015	0.000256039390590331	0.000127211762548183	0.000187289914930949
ccuenta_debitos_automaticos_lag1	0.000254165143760308	0.000599813187377427	0.000315435646199493
rf_013_025	0.000252704667587866	7.50094855723083e-05	0.000121574155306055
cpayroll_trx_lag1	0.000250575274514712	0.000845470468442899	0.000207004642818417
vmr_mconsumototal	0.000249855953848533	0.000392278150785229	0.000318721434180738
cextraccion_autoservicio_lag1	0.000247947135266514	0.000758463658625047	0.000291613683335469
vmr_mconsumosdolares_lag1	0.000243933262682125	0.000539678269808739	0.000345007738030696
cmobile_app_trx_delta1	0.000231198184779191	0.000479246181630053	0.000388544428782188
Visa_Finiciomora_tend6	0.000228938171964043	0.00105417942141308	0.000280934872396424
rf_001_015	0.000228383429741336	2.50457262592764e-05	0.000106788109390453
rf_013_018	0.000226780072875138	0.000178286097323489	0.000127324284273233
vmr_mconsumosdolares_delta1	0.000225772828494262	0.000543941529543918	0.000349114973007252
cextraccion_autoservicio	0.000225489894255222	0.000610739610922222	0.000303935388265137
cextraccion_autoservicio_delta1	0.000224504264486483	0.000292264289706552	0.000317078540190116
Master_cconsumos	0.000223321237604098	0.000147555292708427	0.000262041591504267
tcallcenter_delta1	0.000223226158621369	0.00127623371583576	0.000193861490893439
rf_007_022	0.000221709177357207	0.00175964450488064	0.000106788109390453
Master_cconsumos_lag1	0.000214909732208995	0.000147251100272464	0.000270256061457378
catm_trx_delta1	0.000214130411801182	0.000238644384088529	0.000296542365307336
vmr_mconsumototal_lag1	0.000213071545660689	0.000156557880420686	0.00028504210737298
rf_008_016	0.000212446979715481	0.000194937938602867	0.000108431003381076
cforex_buy_tend6	0.000208865096734994	0.00113987618389771	0.000182361232959082
rf_015_014	0.000208845724936768	8.79533115030397e-05	0.000186468467935638
vmr_mconsumototal_delta1	0.000205287667122783	0.000245307721276563	0.00033432892709165
ccuenta_debitos_automaticos_delta1	0.000203926354920547	0.00189864250344935	0.000220969241738708
Visa_status_tend6	0.000203210381212451	0.000221768133342285	0.000161825058076303
ccaja_ahorro_delta1	0.000202188885096285	0.00257475334915512	0.000176611103991904
ctarjeta_master_transacciones	0.000200604358568434	0.000315824538569082	0.000211933324790285
ctarjeta_master	0.00020018744128857	0.000114839334093345	5.99656306577162e-05
rf_006_019	0.000196067091711544	0.000475252987678717	0.000187289914930949
ctarjeta_master_transacciones_delta1	0.000194211605221305	0.000578901264967216	0.000225897923710575
Master_cconsumos_delta1	0.000193293799192665	0.00020542479006294	0.000253827121551155
rf_001_026	0.000192829470406699	3.47392847636648e-05	6.40728656342721e-05
catm_trx_lag1	0.000190272669409408	0.000207385411016686	0.000239862522630865
rf_005_015	0.000188212247306182	0.00010614379956096	0.00019468293788875
Visa_status_lag1	0.000186429362641233	4.43676529825462e-05	2.79291978405801e-05
rf_010_021	0.000180450098511865	7.56035378282716e-05	0.000156896376104435
vmr_msaldodolares	0.000179559906913639	0.00216143696978151	0.000266148826480823
ccajas_transacciones_delta1	0.000176511407891265	0.000143508958271697	0.000144574671174768
ccheques_depositados_tend6	0.000176449187437239	0.00176578608861339	0.000276827637419868
tcuentas_tend6	0.00017517250841919	0.00214614195911206	0.000248076992583977
cpagodeservicios_tend6	0.000174988893238011	0.000621704726750835	0.000128145731268544
catm_trx	0.000172836721902052	0.000323962112453038	0.000228362264696508
vm_Finiciomora	0.000171736704929877	0.000398108606945263	0.000167575187043481
vm_status06_tend6	0.000169944281775371	0.000355513343746342	0.000170039528029414
vmr_Visa_mlimitecompra_delta1	0.000169459933165796	0.000975183445854963	0.000272720402443312
vm_status01_lag1	0.000165027662677501	0.000746544267978799	4.76439257280485e-05
vmr_msaldodolares2	0.000164700024923283	0.000352062275214508	0.000192218596902816
rf_002_023	0.000163058294714804	6.53300285126572e-05	0.000158539270095058
Visa_status_delta1	0.000162503872118279	3.24385531448399e-05	1.31431519249789e-05
cinversion2	0.000161050833316174	0.00276003477444244	0.000189754255916883
rf_004_015	0.000158585729263179	7.29095839553777e-05	0.000182361232959082
cprestamos_prendarios	0.000157962901436241	0.00252671065161992	0.000200433066855928
rf_004_025	0.000157779826042774	0.000213826274796867	0.000111716791362321
ctarjeta_master_transacciones_lag1	0.000156668260583218	0.000205887912716229	0.000187289914930949
vm_status02_tend6	0.000156035946711436	0.000208749407934588	0.000184825573945016
vmr_Master_mlimitecompra_delta1	0.000156027792346631	0.000321114545300997	0.000239862522630865
Visa_Fvencimiento_delta1	0.000154160977921233	0.000134450687190568	0.000179896891973149
ctarjeta_visa	0.00015298085787117	4.65624792838254e-05	4.60010317374261e-05
active_quarter_lag1	0.000151474447618843	7.20311621960125e-05	0.000123217049296677
vm_status04_lag1	0.00015076463366323	3.86628094870062e-06	9.03591694842298e-06
cseguro_accidentes_personales_lag1	0.000150461336735962	0.000225985129936021	0.000183182679954393
ccallcenter_transacciones_lag1	0.000149623571420793	0.000541351198172721	0.000210290430799662
vmr_msaldodolares2_lag1	0.000146583327122563	0.000246788084009952	0.000172503869015348
cseguro_vivienda_lag1	0.000144539100670588	0.000269632742344869	0.000186468467935638
rf_012_018	0.000143529230946046	0.000139970073570689	0.000101859427418586
rf_007_020	0.00014209992315922	6.68500949039743e-05	7.14658885920727e-05
ccajas_otras	0.000141763371553926	0.000417060977568644	0.000109252450376387
Master_Finiciomora_tend6	0.000140013318907187	0.000987054752886369	0.000197968725869995
rf_009_022	0.00013938723766	0.00025530469201403	0.000170039528029414
rf_002_016	0.000136569082484845	6.51102713666993e-05	0.000147039012160701
tcuentas	0.00013633670993536	0.000338010272222963	9.85736394373417e-05
vmr_msaldodolares_lag1	0.000135455794716423	0.00044245094667865	0.000185647020940327
vmr_msaldodolares_delta1	0.000134582228856345	0.000248446621965165	0.00019468293788875
rf_010_019	0.00013396864720615	7.21988191270904e-05	0.000144574671174768
ctarjeta_master_descuentos_tend6	0.00013311400223931	0.000926920962277404	0.000197968725869995
vmr_mpagosdolares_lag1	0.000133062182658006	0.000298981605375672	0.000150324800141946
cseguro_vivienda	0.000132897585701532	0.00028611666662554	0.000177432550987215
Master_status_tend6	0.000131901521036547	0.000121207003284346	0.000102680874413898
ccheques_emitidos_tend6	0.000131338773084391	0.00117549579758335	0.000158539270095058
vmr_msaldodolares2_delta1	0.00013099330586404	0.000220735173618873	0.000189754255916883
vm_Finiciomora_lag1	0.000130901396109109	0.00047955554652218	0.000134717307231034
rf_002_026	0.000130475311244363	0.000168727860675053	5.09297137092932e-05
internet_delta1	0.000129550092308648	0.000661790163957736	0.000258755803523022
cseguro_vida_tend6	0.000129059666582128	0.00253142304814927	0.000253005674555844
rf_011_019	0.000128225093113945	6.71151327136686e-05	5.50369486858491e-05
ccheques_emitidos	0.000128098066070253	0.00232874379203885	0.000139645989202901
catm_trx_other_delta1	0.000126143606785802	0.00113243327954549	0.000188932808921572
rf_001_021	0.000124372886899555	5.9142701773717e-05	0.000115824026338876
rf_015_017	0.000118877466701702	0.000262517609893579	0.000179896891973149
rf_011_018	0.000118726720029487	6.51080752400599e-05	0.000124038496291988
rf_015_013	0.00011655565358214	0.000210203041495063	0.000124859943287299
rf_003_016	0.000116524291565022	8.98626413411942e-05	0.000179896891973149
rf_012_006	0.00011645175189708	1.75003841578858e-05	1.39645989202901e-05
ccajas_extracciones	0.000116425776880183	0.000271894897265488	0.000150324800141946
active_quarter	0.000116171636101865	0.000111617385142089	0.000170039528029414
cpayroll_trx_delta1	0.000115265437865896	0.000300941243851711	0.000124038496291988
rf_003_027	0.000114663636399833	5.21754611137508e-05	9.1180616479541e-05
Visa_Finiciomora_lag1	0.000113708337286294	0.00112808058544256	0.000156896376104435
rf_020_016	0.000112782303717949	7.72424551257458e-05	0.000186468467935638
Master_status_lag1	0.000111628565861425	8.71322202075246e-05	1.97147278874683e-05
rf_017_013	0.000110365455765954	0.000179821305430057	8.95377224889187e-05
catm_trx_other_lag1	0.00011034527078457	0.000286315733946843	0.000151146247137257
cseguro_accidentes_personales	0.000109664289243754	0.000103623455278193	0.000175789656996593
rf_009_008	0.000105737865111039	5.44045296527631e-05	1.64289399062236e-05
rf_013_021	0.000105303596511121	9.02636078313074e-05	0.000135538754226345
Master_Fvencimiento_delta1	0.000105275055307382	0.000197856793181479	0.000197147278874683
ctarjeta_master_debitos_automaticos_lag1	0.00010469959809854	0.000142553498701533	0.000122395602301366
rf_016_022	0.000103540536342669	7.47988885861491e-05	0.000126502837277922
ctarjeta_master_debitos_automaticos_delta1	0.000103477241474278	0.00026468484012985	9.93950864326528e-05
rf_005_013	0.000103377628179437	3.68601362728794e-05	0.00011828836732481
Master_fechaalta_delta1	0.00010315921459141	4.05379259838307e-05	0.000156896376104435
rf_019_021	0.000102401985662291	4.15036726735161e-05	0.000134717307231034
cplazo_fijo_delta1	0.000101954787440995	0.000426053596021816	9.44664044607858e-05
cpayroll2_trx_tend6	0.000101873434459083	0.000561094867899969	8.21446995311181e-05
Master_Finiciomora	0.000101249994015296	0.000407392385556577	8.78948284982963e-05
rf_016_021	0.000100604093346718	0.000271861579712656	0.000138003095212278
vm_Fvencimiento_delta1	9.90598944070397e-05	0.00013655665705216	0.000170860975024726
ctarjeta_master_debitos_automaticos	9.85378087753947e-05	0.000236343247920059	0.000125681390282611
rf_020_023	9.79062682790305e-05	4.66424645277454e-05	0.000105966662395142
rf_006_022	9.75680793992655e-05	0.000256041001262702	9.44664044607858e-05
ccaja_seguridad_tend6	9.67290081644208e-05	0.00167772193050787	0.000102680874413898
rf_014_015	9.62147363673545e-05	6.83668382089291e-05	0.000114181132348254
rf_012_020	9.60161355667466e-05	4.52407578037318e-05	5.9144183662405e-05
ctarjeta_visa_descuentos_lag1	9.589861684523e-05	0.000173850615025534	6.98229946014504e-05
catm_trx_other	9.54114320230991e-05	0.000703419940534599	0.000177432550987215
rf_013_027	9.52962963821986e-05	0.000149669122391676	5.33940546952267e-05
rf_006_015	9.43626863840536e-05	0.000125076520630199	0.000117466920329499
rf_012_014	9.25269274553987e-05	8.67626930040389e-05	0.000119931261315432
vmr_mpagosdolares_delta1	9.24325554126468e-05	0.000373074236972425	0.000137181648216967
rf_006_020	9.18388457867885e-05	0.000102731249934525	0.000182361232959082
rf_020_013	9.16952659337126e-05	9.96074909611743e-05	0.000172503869015348
ccajas_consultas_lag1	9.01082652018956e-05	0.000106748312314864	0.000110073897371698
rf_011_025	8.93133982074571e-05	7.24645793468635e-05	7.63945705639398e-05
rf_020_019	8.6878645000691e-05	4.69988149713946e-05	0.000124038496291988
rf_003_017	8.68506026771237e-05	9.5509171895177e-05	5.9144183662405e-05
ccheques_depositados_rechazados_tend6	8.65479189800932e-05	0.000307042459309263	6.07870776530274e-05
vmr_mpagosdolares	8.65239533964684e-05	0.00016087878848015	0.000102680874413898
cinversion2_lag1	8.59852565155365e-05	0.00213558402250023	0.00015278914112788
rf_019_017	8.57052016841026e-05	0.000120252526191889	0.000101037980423275
rf_014_021	8.54019600223545e-05	0.000117658467184686	0.000123217049296677
Visa_Finiciomora	8.47603755984747e-05	0.000476632068519064	0.000111716791362321
rf_016_015	8.46631800153035e-05	6.18581545705547e-05	0.000120752708310744
rf_007_006	8.34986423569531e-05	1.83044265755423e-05	1.97147278874683e-05
rf_009_015	8.2652449971108e-05	0.000129069945752761	0.000112538238357632
rf_012_017	8.24033452703432e-05	2.60664917005599e-05	8.6251934507674e-05
rf_014_017	8.22911526692656e-05	6.84291677505243e-05	0.000107609556385765
cseguro_auto_lag1	8.16337865512583e-05	0.000255051415040417	6.98229946014504e-05
rf_002_017	7.89702308428659e-05	9.8749238891208e-05	0.000105966662395142
cseguro_vivienda_tend6	7.89205935688015e-05	0.000280438205546076	0.000103502321409209
ccheques_depositados_lag1	7.86396653307931e-05	0.000359936342798136	8.29661465264292e-05
rf_007_016	7.82324612350851e-05	5.99531880892759e-05	9.28235104701634e-05
rf_004_021	7.7420623903202e-05	0.000119327581223452	0.000102680874413898
cseguro_vida	7.71480971298317e-05	0.00101520600448861	0.000139645989202901
vm_status03_tend6	7.66840135058593e-05	0.000211389238844382	0.000126502837277922
rf_014_019	7.6214286911142e-05	9.93230925613693e-05	0.000133895860235722
vm_status01_delta1	7.58074373735032e-05	8.02934240595614e-05	2.7107750845269e-05
rf_008_015	7.5356308728856e-05	7.57930693365343e-05	8.46090405170516e-05
vm_fechaalta_delta1	7.45118132392314e-05	6.23497690773503e-05	0.000133074413240411
rf_011_021	7.4396240557094e-05	0.000103674341844141	1.56074929109124e-05
Master_cadelantosefectivo_tend6	7.42053739287026e-05	4.60575724315807e-05	4.35366907514926e-05
ctarjeta_visa_descuentos_delta1	7.34807236160783e-05	0.000347431279852838	6.73586536155168e-05
ctarjeta_master_descuentos_delta1	7.32737816250398e-05	0.000128541025989498	6.90015476061392e-05
cinversion1_tend6	7.19217957326954e-05	0.000330357782258692	6.48943126295833e-05
rf_008_020	7.15137846209241e-05	9.09447538463657e-05	8.37875935217404e-05
rf_011_017	7.13766689524508e-05	7.08394167372888e-05	0.000115824026338876
cliente_edad_delta1	7.07614533232836e-05	5.71619978197813e-05	0.000120752708310744
rf_020_020	7.00314997184294e-05	0.000126948342937065	3.2036432817136e-05
rf_019_013	6.94023937374531e-05	7.4193942386198e-05	4.43581377468037e-05
Visa_fechaalta_delta1	6.83837212124962e-05	3.91949945438248e-05	0.000117466920329499
rf_015_019	6.82302681726871e-05	8.2014522727595e-05	8.95377224889187e-05
rf_006_023	6.7875317396209e-05	2.67041197324739e-05	5.75012896717826e-05
rf_005_017	6.78134229562007e-05	2.56370333569405e-05	8.29661465264292e-05
Master_status_delta1	6.73114213332115e-05	6.62961219591804e-05	3.03935388265137e-05
rf_013_026	6.67753486766091e-05	0.000304718466085902	5.58583956811603e-05
rf_010_015	6.65164952151571e-05	4.90406637143962e-05	8.13232525358069e-05
cseguro_auto_tend6	6.62347563002893e-05	0.000347202189168663	7.14658885920727e-05
rf_003_028	6.61134880757175e-05	0.000465880063663684	9.20020634748522e-05
rf_010_025	6.60507111064465e-05	8.03403807146806e-05	9.20020634748522e-05
ccajeros_propios_descuentos_delta1	6.58993526769079e-05	0.000132605131714166	5.9144183662405e-05
rf_002_024	6.56656745456962e-05	4.89808770562783e-05	0.000116645473334188
rf_017_016	6.52327010510633e-05	2.65304234531376e-05	5.42155016905379e-05
rf_008_017	6.52219649791259e-05	0.0001660196030826	5.83227366670938e-05
rf_010_023	6.42501267695369e-05	0.000110514496123052	9.93950864326528e-05
rf_009_026	6.41527947054782e-05	0.000387297971287891	9.69307454467193e-05
rf_019_022	6.39822876046054e-05	3.39229902710727e-05	7.31087825826951e-05
vm_status05_lag1	6.37757635870177e-05	1.13085784764573e-05	6.57157596248944e-06
rf_017_019	6.3280089171563e-05	3.81079118573114e-05	8.46090405170516e-05
rf_006_021	6.29883970833243e-05	9.67220984174098e-05	0.000128967178263855
rf_020_015	6.28618126169935e-05	5.05350123069096e-05	6.98229946014504e-05
ccajeros_propios_descuentos_lag1	6.08772841703164e-05	4.95235804038437e-05	3.61436677936919e-05
cprestamos_hipotecarios	6.00218221231539e-05	0.0027518487701868	0.000105966662395142
rf_002_019	5.9696738440378e-05	0.00011905734206119	9.69307454467193e-05
rf_001_022	5.91353627515261e-05	5.53475637695723e-05	8.29661465264292e-05
cseguro_accidentes_personales_tend6	5.8918853818691e-05	0.000340288695818556	9.44664044607858e-05
rf_018_019	5.86210480426621e-05	3.59073062754021e-05	5.42155016905379e-05
rf_017_012	5.80783506890252e-05	1.51395769169115e-05	1.88932808921572e-05
rf_013_020	5.78051972240804e-05	5.59697033293978e-05	4.35366907514926e-05
rf_013_022	5.76492752663856e-05	3.4878912183687e-05	8.05018055404957e-05
rf_017_017	5.62874217820359e-05	8.02343309151191e-05	7.31087825826951e-05
ccajas_extracciones_lag1	5.62557180411229e-05	0.00036942485242577	8.37875935217404e-05
rf_012_015	5.60206861654692e-05	5.83271874840099e-05	5.09297137092932e-05
rf_003_023	5.60096525766833e-05	6.06320801848885e-05	0.000106788109390453
cforex_sell_lag1	5.58070861297703e-05	0.000133033607580078	6.40728656342721e-05
cforex_sell	5.53515394550557e-05	6.63132575262485e-05	6.32514186389609e-05
rf_010_016	5.52738407329873e-05	2.53113419970338e-05	7.31087825826951e-05
vm_status02_lag1	5.49155873382083e-05	2.56613352319899e-05	2.7107750845269e-05
rf_004_023	5.48910446791035e-05	4.93021472665031e-05	6.73586536155168e-05
cprestamos_hipotecarios_lag1	5.48429169833608e-05	0.00387262873716625	0.000122395602301366
rf_003_020	5.44703751808659e-05	0.000111737940936032	0.000129788625259167
rf_001_017	5.39372989894406e-05	3.77132158866818e-05	7.55731235686286e-05
rf_019_016	5.39168117091225e-05	6.61253153201591e-05	2.79291978405801e-05
rf_011_023	5.3762082909206e-05	3.99033898670538e-05	5.83227366670938e-05
ccajas_extracciones_delta1	5.37369721078233e-05	6.98561010344881e-05	7.06444415967615e-05
rf_008_018	5.3569372079549e-05	3.1061986291567e-05	3.2036432817136e-05
rf_005_020	5.35160398295385e-05	0.000156923333231328	0.000114181132348254
vm_status05	5.33232689288345e-05	9.58244894463528e-05	2.87506448358913e-05
cprestamos_prendarios_lag1	5.31347940388224e-05	0.00249538654605538	0.000112538238357632
tcallcenter_lag1	5.27425138427714e-05	3.59225635762655e-05	7.06444415967615e-05
rf_010_017	5.25268214198468e-05	2.39904585126315e-05	8.05018055404957e-05
rf_004_017	5.21056839569982e-05	9.26165263542218e-05	0.000112538238357632
rf_015_004	5.20467189489654e-05	0.00157238749030274	9.69307454467193e-05
rf_009_019	5.17916254201261e-05	1.26567401654335e-05	2.13576218780907e-05
rf_005_014	5.09887272445237e-05	0.00109111598867229	0.000135538754226345
cplazo_fijo_lag1	5.06606636209435e-05	0.000256186205688532	6.8180100610828e-05
rf_014_022	5.02328708482875e-05	5.23245087611999e-05	5.66798426764715e-05
ccajas_depositos_delta1	5.01456905196513e-05	0.000344315322908338	7.47516765733174e-05
rf_001_019	5.01018942157851e-05	6.81925640015298e-05	0.000105966662395142
cseguro_vida_lag1	5.00705763040324e-05	0.000751216382922151	0.000115002579343565
rf_007_019	4.98944658760629e-05	3.62920907797512e-05	9.52878514560969e-05
rf_007_018	4.90161389259516e-05	2.01242642531404e-05	4.35366907514926e-05
rf_010_027	4.87180089741174e-05	0.0001716928917059	2.62863038499578e-05
cprestamos_prendarios_tend6	4.83616348824429e-05	0.00133262322611012	9.1180616479541e-05
ccajas_transacciones_lag1	4.83545512673006e-05	2.61679469720206e-05	5.9144183662405e-05
rf_004_022	4.81791485763221e-05	6.2543721735295e-05	7.7216017559251e-05
cforex_delta1	4.81025617165718e-05	5.50359449579998e-05	5.83227366670938e-05
rf_004_026	4.76265275505648e-05	0.000205184343092326	7.14658885920727e-05
rf_018_017	4.68026808265165e-05	8.34903776220922e-05	9.28235104701634e-05
rf_002_012	4.65794498339251e-05	9.32204033872562e-05	2.38219628640242e-05
rf_001_023	4.63069251195085e-05	0.000493819591320042	9.85736394373417e-05
rf_005_021	4.59591458915119e-05	3.30768457940263e-05	5.58583956811603e-05
ccheques_emitidos_rechazados_tend6	4.53914848500978e-05	0.000239628826751052	5.09297137092932e-05
rf_002_020	4.53484238310067e-05	7.2804834493958e-05	6.16085246483385e-05
cforex_lag1	4.52912237935935e-05	5.31820095246843e-05	5.33940546952267e-05
ccajas_otras_lag1	4.47941717623367e-05	0.000107162571150427	4.1072349765559e-05
rf_012_019	4.46004684935801e-05	5.82124976599064e-05	7.22873355873839e-05
cinversion2_tend6	4.45095190568993e-05	0.00213147509845428	9.03591694842299e-05
rf_007_021	4.43646362319282e-05	2.51409977004629e-05	6.65372066202056e-05
ccheques_depositados	4.27442077293286e-05	0.000373606306443631	5.17511607046044e-05
cforex	4.23442984360683e-05	6.32297223460825e-05	5.50369486858491e-05
rf_005_016	4.20466047831537e-05	7.1910895366101e-05	7.63945705639398e-05
rf_016_016	4.13502547122267e-05	7.73535617958586e-05	7.55731235686286e-05
rf_008_019	4.10259319593334e-05	3.53591415076414e-05	9.36449574654746e-05
rf_015_022	4.05064840797731e-05	1.83228913771553e-05	5.0108266713982e-05
ccheques_depositados_delta1	3.98068201170903e-05	0.000490349797918966	5.83227366670938e-05
Visa_Finiciomora_delta1	3.97495455744664e-05	0.000340177704734056	3.03935388265137e-05
cforex_sell_delta1	3.86013890841698e-05	5.67665216462666e-05	4.84653727233597e-05
cforex_buy	3.84867568007855e-05	0.000375796971662856	3.53222207983808e-05
rf_006_010	3.74670240084667e-05	0.000270208243110009	8.13232525358069e-05
cforex_buy_delta1	3.73039692610184e-05	0.000125916596862584	2.7107750845269e-05
rf_017_014	3.65285523109055e-05	9.50650341787573e-05	0.000102680874413898
rf_010_022	3.58028119268815e-05	0.000194501574018895	4.35366907514926e-05
rf_006_017	3.45416949141681e-05	5.84269956604909e-05	7.31087825826951e-05
rf_006_024	3.43188348653226e-05	5.24377537651458e-05	7.63945705639398e-05
ctarjeta_debito_delta1	3.43079809954508e-05	0.000969255204266668	7.96803585451845e-05
rf_012_008	3.41688515550559e-05	7.7453052111905e-05	6.24299716436497e-05
vm_Finiciomora_delta1	3.2851827344194e-05	0.000171214193891312	2.21790688734019e-05
rf_003_024	3.16246384631619e-05	2.88145685365543e-05	4.76439257280485e-05
rf_016_023	3.15782388116623e-05	4.31108617203313e-05	4.51795847421149e-05
rf_016_012	3.10388351235895e-05	3.0698931882387e-05	3.53222207983808e-05
Visa_cadelantosefectivo_tend6	3.08908053110369e-05	0.000432150765982928	3.45007738030696e-05
rf_001_024	3.00798128768386e-05	0.000147048478693574	7.22873355873839e-05
rf_008_009	2.88919790643771e-05	0.000149057587811807	2.79291978405801e-05
rf_003_025	2.87419529849158e-05	3.38294237176721e-05	9.03591694842298e-06
rf_010_024	2.75981951736479e-05	4.35616167130724e-05	1.8071833896846e-05
cseguro_vivienda_delta1	2.75876562142901e-05	3.23918854537522e-05	1.64289399062236e-05
rf_009_016	2.74833734509004e-05	4.42014408716258e-05	8.05018055404957e-05
ctarjeta_visa_tend6	2.73824119321141e-05	0.000110403418349343	4.51795847421149e-05
ctarjeta_master_tend6	2.728016667331e-05	4.99508715172268e-05	4.68224787327373e-05
rf_018_016	2.71240654811607e-05	2.97407849467301e-05	1.06788109390453e-05
rf_016_018	2.69751084987298e-05	0.000239180614641788	1.72503869015348e-05
rf_013_017	2.69318274255491e-05	2.93287222378072e-05	5.33940546952267e-05
Visa_delinquency_delta1	2.67932488040915e-05	5.77577838599337e-05	4.02509027702479e-05
rf_020_022	2.67148447321681e-05	5.26884300624745e-05	2.87506448358913e-05
rf_003_026	2.66646788930562e-05	5.36922044187056e-05	3.03935388265137e-05
ctarjeta_master_descuentos_lag1	2.65937980971106e-05	7.33399380874948e-05	2.62863038499578e-05
rf_015_016	2.65824243355825e-05	7.40270656580052e-05	3.36793268077584e-05
rf_002_018	2.65769196194727e-05	3.50501522687555e-05	3.94294557749367e-05
Master_Finiciomora_lag1	2.61970648648732e-05	0.00142068432119692	7.22873355873839e-05
rf_011_024	2.60539056868922e-05	0.000121826310996662	3.61436677936919e-05
ccajas_depositos_lag1	2.60029159537668e-05	0.000154151474655541	3.61436677936919e-05
rf_019_009	2.53661122131886e-05	3.07453395058463e-05	1.97147278874683e-05
rf_016_020	2.5075726505644e-05	1.26295197536659e-05	2.7107750845269e-05
rf_005_022	2.47542014761572e-05	5.00487147382936e-05	3.28578798124472e-05
rf_009_020	2.43726690826097e-05	1.76196685100902e-05	2.79291978405801e-05
rf_007_010	2.43537335813493e-05	8.01700653145129e-05	2.7107750845269e-05
rf_014_020	2.4280065321603e-05	4.3104071065591e-05	3.94294557749367e-05
rf_019_026	2.42371191975951e-05	8.02056945795972e-05	1.97147278874683e-05
rf_008_006	2.42332813509727e-05	9.48171897289373e-06	1.23217049296677e-05
rf_010_010	2.34215791559922e-05	6.80744644018546e-05	7.06444415967615e-05
rf_014_010	2.3068756870707e-05	8.76153391717941e-06	1.39645989202901e-05
rf_009_024	2.24085979852376e-05	2.41727370237035e-05	4.51795847421149e-05
cseguro_auto	2.16947046935249e-05	0.000210825152158485	4.43581377468037e-05
rf_017_004	2.16722949619353e-05	0.000366041863819758	7.80374645545621e-05
rf_010_026	2.14799877223555e-05	1.83949590066121e-05	2.7107750845269e-05
ctarjeta_visa_descuentos	2.11846863391631e-05	0.000157450288039176	3.77865617843143e-05
rf_015_018	2.09617220025573e-05	3.13639248080843e-05	2.46434098593354e-05
rf_017_008	2.06946018851876e-05	0.000101664712590652	3.36793268077584e-05
cinversion1	1.96820466599803e-05	0.00166228142644855	6.24299716436497e-05
cpagodeservicios_lag1	1.95195215871485e-05	2.99875313332303e-05	1.47860459156013e-05
vm_status02_delta1	1.92854765890754e-05	6.48382695238458e-05	2.54648568546466e-05
rf_020_004	1.89291758656942e-05	8.2068183348245e-05	2.46434098593354e-05
rf_019_019	1.84852128602925e-05	4.24704307373117e-05	2.7107750845269e-05
ctarjeta_visa_lag1	1.83025528187253e-05	1.38571256486991e-05	1.39645989202901e-05
ccheques_emitidos_delta1	1.82109948069179e-05	0.000132788941734605	2.05361748827795e-05
rf_004_018	1.75985511486089e-05	3.254376494871e-05	2.87506448358913e-05
rf_014_018	1.72419816262895e-05	3.33349484669646e-05	2.7107750845269e-05
active_quarter_delta1	1.70859868277374e-05	2.14628323362706e-05	4.68224787327373e-05
ccheques_emitidos_lag1	1.67146351121714e-05	0.000163944407890363	2.21790688734019e-05
rf_014_014	1.67120335167974e-05	1.08746411903496e-05	1.56074929109124e-05
rf_009_023	1.66034854609756e-05	2.8229185201536e-05	2.79291978405801e-05
rf_016_014	1.65738953082598e-05	2.37455325995298e-05	2.05361748827795e-05
Visa_delinquency	1.62986589245411e-05	6.13177629352414e-05	1.88932808921572e-05
rf_016_024	1.59339387157938e-05	3.12666306186773e-05	2.05361748827795e-05
vm_status03_delta1	1.59303180751069e-05	0.000120788872330761	2.21790688734019e-05
cseguro_vida_delta1	1.58417684250873e-05	3.98164694863778e-05	1.8071833896846e-05
rf_013_016	1.58179275820166e-05	9.65853606377027e-05	4.84653727233597e-05
rf_002_022	1.56619179527472e-05	9.8754237968953e-05	2.13576218780907e-05
rf_018_022	1.5600202422918e-05	1.30570420382742e-05	1.15002579343565e-05
rf_001_018	1.50559285984074e-05	3.81834181587431e-05	1.88932808921572e-05
rf_001_020	1.48253936533315e-05	6.58208917129709e-05	3.45007738030696e-05
rf_001_016	1.42454527427864e-05	1.29801776058945e-05	2.79291978405801e-05
ccajas_depositos	1.36280125704806e-05	1.55402544429932e-05	1.88932808921572e-05
rf_011_026	1.32496760441523e-05	1.77006651281204e-05	1.72503869015348e-05
rf_004_020	1.31975946397381e-05	5.6495271109895e-05	3.28578798124472e-06
ccheques_depositados_rechazados_delta1	1.31965865260237e-05	1.14269092473577e-05	8.21446995311181e-06
cinversion1_lag1	1.31887749965353e-05	7.56304403796045e-05	2.7107750845269e-05
rf_019_018	1.27814474143986e-05	0.000106780994146827	3.03935388265137e-05
rf_004_024	1.26153037559266e-05	4.17064676308247e-06	1.06788109390453e-05
rf_005_019	1.24529138317182e-05	2.06177570261408e-05	3.03935388265137e-05
rf_009_025	1.24111363612052e-05	9.75302730207167e-06	1.31431519249789e-05
rf_013_008	1.24025807289943e-05	0.000120016471474554	3.45007738030696e-05
rf_004_010	1.21830777903964e-05	4.8469901959372e-05	1.06788109390453e-05
cseguro_accidentes_personales_delta1	1.18329349422167e-05	4.78833916646309e-05	1.88932808921572e-05
rf_005_018	1.171247317111e-05	8.83056742430542e-06	9.85736394373417e-06
vmr_madelantopesos_tend6	1.17109374710348e-05	0.000316047734387015	1.72503869015348e-05
Master_delinquency_lag1	1.12545639740604e-05	3.63120292979249e-05	1.06788109390453e-05
rf_008_022	1.10682775212664e-05	2.88206945740222e-05	2.54648568546466e-05
cpagodeservicios	1.10120416133169e-05	8.70223849791504e-06	8.21446995311181e-06
rf_003_021	1.06042579123899e-05	3.66727142020467e-05	3.28578798124472e-05
rf_005_003	1.01258024286144e-05	0.000129213589772821	3.77865617843143e-05
rf_017_018	1.01016308128822e-05	5.81853928337515e-05	2.13576218780907e-05
vm_cadelantosefectivo_tend6	9.98828178114922e-06	5.50481970329355e-05	8.21446995311181e-06
rf_020_014	9.94879830146097e-06	0.000106781254214456	2.30005158687131e-05
rf_010_018	9.7447232353783e-06	1.16712861287996e-05	1.23217049296677e-05
Master_delinquency	9.61021507542205e-06	1.36451705315918e-06	4.92868197186708e-06
rf_020_018	9.34524852980105e-06	5.17598152508372e-06	1.15002579343565e-05
rf_007_014	9.18244752592495e-06	5.50008358281722e-06	6.57157596248944e-06
cprestamos_prendarios_delta1	8.96559040136795e-06	1.54173869367982e-05	8.21446995311181e-06
ctarjeta_master_delta1	8.68288679053114e-06	1.58616691352337e-05	1.06788109390453e-05
Visa_delinquency_lag1	8.31634146197847e-06	1.65266331645278e-05	2.13576218780907e-05
ccheques_emitidos_rechazados	7.76944231919719e-06	7.80072851243273e-06	5.75012896717826e-06
ccajeros_propios_descuentos	7.57147181626288e-06	4.97104823394196e-06	8.21446995311181e-06
rf_018_014	7.20551061325065e-06	0.000458821799333794	2.38219628640242e-05
rf_001_014	7.17034911754452e-06	3.47110818741902e-05	2.21790688734019e-05
rf_011_020	7.01257571708389e-06	7.16537462744667e-05	7.39302295780063e-06
vmr_madelantopesos_delta1	6.90220154128199e-06	5.70630565353947e-05	6.57157596248944e-06
rf_005_008	6.8174177174833e-06	3.76806207439283e-06	6.57157596248944e-06
rf_004_027	6.56148051578254e-06	6.10107097553665e-06	4.92868197186708e-06
rf_019_025	6.50395168261585e-06	1.44916328690728e-05	1.8071833896846e-05
cforex_buy_lag1	6.41929182189169e-06	8.9497650873003e-06	7.39302295780063e-06
ctarjeta_master_lag1	6.00467094538342e-06	0.0014601459139562	4.18937967608702e-05
ccaja_seguridad_delta1	5.80973767256421e-06	0.000388924867681655	1.39645989202901e-05
vmr_madelantopesos_lag1	5.59869685178454e-06	0.000272767221883788	1.06788109390453e-05
ctarjeta_visa_delta1	5.57513209017501e-06	7.42328369448383e-06	4.92868197186708e-06
cpagodeservicios_delta1	5.40749552231057e-06	6.98310478529568e-06	4.1072349765559e-06
ccheques_depositados_rechazados_lag1	5.06735406686778e-06	1.28098333093236e-05	3.28578798124472e-06
tcuentas_delta1	4.91880249905183e-06	0.000125913649429463	1.64289399062236e-05
rf_016_008	4.7826883005536e-06	3.98261786778363e-06	1.23217049296677e-05
cseguro_auto_delta1	4.21045988265437e-06	5.86689452440682e-06	5.75012896717826e-06
cprestamos_hipotecarios_tend6	4.05128653240968e-06	0.000191243446770895	1.64289399062236e-05
rf_001_010	3.82968180455204e-06	3.35299413954227e-06	9.03591694842298e-06
cinversion1_delta1	3.79226923567931e-06	0.000405091133802496	1.47860459156013e-05
rf_013_023	3.62667111592479e-06	3.12497262228344e-06	5.75012896717826e-06
vm_cadelantosefectivo_delta1	3.55273826696054e-06	9.73104291855494e-05	4.92868197186708e-06
Visa_cadelantosefectivo_delta1	3.19448159817182e-06	4.85635840983852e-06	3.28578798124472e-06
ctarjeta_master_descuentos	3.10729147094787e-06	5.7814189638883e-06	4.92868197186708e-06
rf_006_016	2.98117382449671e-06	0.000704665202131957	1.88932808921572e-05
vm_status03	2.9640021745196e-06	2.37823177207401e-06	5.75012896717826e-06
rf_011_016	2.91049503261062e-06	0.00017191386250079	1.23217049296677e-05
Master_cadelantosefectivo_delta1	2.80593193506327e-06	1.28300607915288e-05	4.92868197186708e-06
rf_002_008	2.76332494064643e-06	5.93462769339107e-06	4.1072349765559e-06
rf_014_006	2.70231057244012e-06	3.74449127834315e-05	5.75012896717826e-06
rf_009_014	2.61168896259346e-06	1.0782981799557e-05	3.28578798124472e-06
cinversion2_delta1	2.58618930613099e-06	2.64679494295267e-06	2.46434098593354e-06
rf_011_012	2.56457588756199e-06	5.39553639621952e-07	2.46434098593354e-06
rf_014_016	2.26847460673802e-06	6.65426371744554e-07	1.64289399062236e-06
vm_status06_lag1	2.10355344320351e-06	1.65775775232818e-06	3.28578798124472e-06
Master_delinquency_delta1	2.05030309227438e-06	2.59491145109635e-05	4.92868197186708e-06
rf_003_019	2.0279049701359e-06	0.000272704603378162	9.85736394373417e-06
rf_006_018	1.81945973391399e-06	0.000178175770856261	1.31431519249789e-05
rf_018_018	1.79641157236983e-06	4.7861112537802e-07	4.1072349765559e-06
rf_006_014	1.7219773310766e-06	8.01329045400616e-06	2.46434098593354e-06
rf_006_012	1.44000317196395e-06	1.15981493324262e-06	2.46434098593354e-06
Visa_cadelantosefectivo	1.38857859329791e-06	1.57757023358616e-06	1.64289399062236e-06
rf_019_024	1.00179023415239e-06	1.36489270640013e-06	8.21446995311181e-07
cliente_antiguedad_tend6	9.45984229473371e-07	8.82178291774773e-07	8.21446995311181e-07
Master_Finiciomora_delta1	9.22184256827968e-07	1.44201720640822e-06	8.21446995311181e-07
rf_011_010	8.86189269727561e-07	1.81983478795776e-05	1.64289399062236e-06
Master_cadelantosefectivo	8.30264189547094e-07	1.68466030366109e-08	8.21446995311181e-07
Visa_cadelantosefectivo_lag1	6.84809881870526e-07	0.000198072418141787	4.92868197186708e-06
vm_cadelantosefectivo_lag1	6.40708083198799e-07	0.000225214954102857	5.75012896717826e-06
vm_status03_lag1	5.10875861672685e-07	2.63506300327366e-07	8.21446995311181e-07
ccuenta_corriente_lag1	1.58128671545042e-07	1.46372418445471e-05	8.21446995311181e-07
Master_cadelantosefectivo_lag1	1.39621327156086e-07	1.86670764350782e-07	8.21446995311181e-07
ccuenta_corriente	1.08871952281399e-07	3.80689306094617e-05	1.64289399062236e-06
rf_016_019	7.77113258339899e-08	3.25286810262656e-07	8.21446995311181e-07
rf_015_020	6.66366712761666e-08	2.44492467054484e-07	8.21446995311181e-07
ccheques_emitidos_rechazados_delta1	5.27647504230011e-08	1.49105440255424e-07	8.21446995311181e-07
